%%MatrixMarket matrix coordinate real general
2138 194 9248                                     
1 1 1
1 2 1
1 3 1
2 4 1
2 5 1
2 6 1
2 7 1
3 1 1
3 3 1
4 3 2
4 5 1
4 8 1
4 9 1
4 10 1
5 1 2
5 3 2
5 6 1
5 9 1
5 11 1
5 12 3
5 13 1
5 14 1
5 15 1
5 16 1
5 17 2
5 18 1
5 19 1
6 1 1
6 20 1
6 21 1
6 22 1
6 23 1
6 24 1
7 25 1
8 5 1
8 26 1
8 27 1
9 1 1
9 3 2
9 4 1
9 5 2
9 7 1
9 10 2
9 11 1
9 17 1
9 18 1
9 19 2
9 21 2
9 28 1
9 29 2
9 30 1
9 31 1
9 32 2
9 33 2
9 34 1
9 35 1
9 36 2
9 37 1
9 38 1
9 39 1
9 40 2
9 41 4
9 42 2
9 43 1
9 44 1
9 45 1
9 46 4
9 47 1
9 48 1
9 49 1
9 50 3
9 51 1
9 52 4
9 53 1
9 54 1
9 55 1
9 56 1
9 57 2
9 58 1
9 59 2
9 60 1
9 61 2
9 62 1
9 63 1
9 64 3
9 65 2
9 66 1
10 18 2
10 26 1
10 30 1
10 43 1
10 49 1
10 67 3
10 68 2
10 69 1
10 70 3
11 3 1
11 5 1
11 52 1
12 9 1
12 47 1
12 59 1
13 9 1
13 47 1
13 59 1
14 71 1
14 72 1
15 20 1
15 73 1
16 49 1
16 68 1
16 74 1
16 75 2
17 1 1
17 7 1
17 76 1
17 77 1
17 78 1
18 21 1
18 68 1
18 79 1
19 3 4
19 4 1
19 6 1
19 7 3
19 8 2
19 9 3
19 12 2
19 13 4
19 15 2
19 16 1
19 18 1
19 19 5
19 20 1
19 21 1
19 24 1
19 26 1
19 27 4
19 30 1
19 32 3
19 35 3
19 37 1
19 39 1
19 40 2
19 41 1
19 42 1
19 43 2
19 46 2
19 47 1
19 49 2
19 50 5
19 52 6
19 53 5
19 62 3
19 64 6
19 67 2
19 69 2
19 71 2
19 73 2
19 74 1
19 77 2
19 79 3
19 80 1
19 81 1
19 82 6
19 83 26
19 84 1
19 85 1
19 86 1
19 87 1
19 88 1
19 89 1
19 90 3
19 91 3
19 92 2
19 93 1
19 94 1
19 95 1
19 96 1
19 97 2
19 98 1
19 99 2
19 100 1
19 101 1
19 102 1
19 103 3
19 104 7
19 105 1
19 106 1
19 107 2
19 108 1
19 109 2
19 110 1
19 111 1
19 112 1
19 113 3
19 114 1
19 115 1
19 116 1
19 117 1
19 118 1
19 119 1
19 120 1
19 121 3
19 122 1
19 123 2
19 124 1
19 125 2
19 126 3
20 3 1
20 13 1
20 62 1
20 127 1
21 3 1
21 6 1
21 9 1
21 35 1
21 38 1
21 42 1
21 52 1
21 69 1
21 71 1
21 90 1
21 96 1
21 128 1
22 3 1
22 27 1
22 28 1
22 35 1
22 39 2
22 83 1
22 84 1
22 89 1
22 113 1
23 21 1
23 68 1
23 79 1
25 21 1
25 68 1
25 79 1
26 27 1
26 120 1
27 3 1
27 12 1
27 16 1
27 27 1
27 53 1
27 62 1
27 84 2
27 129 1
27 130 1
28 21 1
28 68 1
28 79 1
29 10 1
29 18 1
29 71 1
30 21 1
30 68 1
30 79 1
31 5 2
31 9 1
31 26 2
31 27 2
31 70 1
31 107 2
31 131 1
32 10 1
32 24 1
32 43 1
32 126 1
33 3 1
33 5 1
33 6 2
33 19 2
33 39 1
33 53 1
33 55 1
33 69 1
33 77 1
33 89 1
33 92 2
33 97 1
33 110 1
33 117 1
33 127 1
33 132 1
33 133 1
33 134 2
33 135 1
34 21 1
34 68 1
34 79 1
35 94 1
36 21 1
36 68 1
36 79 1
37 3 1
37 7 1
37 21 2
37 27 2
37 42 2
37 46 1
37 54 1
37 90 2
37 104 1
37 132 1
37 136 1
38 1 1
38 30 1
38 32 1
38 62 1
38 106 1
39 1 1
39 7 1
40 5 1
40 26 1
40 27 1
41 1 1
41 3 1
42 1 9
42 2 2
42 3 3
42 5 1
42 6 8
42 7 3
42 9 1
42 10 2
42 17 1
42 20 1
42 22 1
42 26 3
42 27 28
42 29 2
42 30 1
42 41 1
42 42 1
42 43 1
42 44 3
42 46 1
42 49 1
42 50 8
42 52 2
42 53 8
42 55 1
42 60 1
42 62 4
42 63 3
42 68 2
42 69 3
42 70 2
42 72 4
42 73 1
42 75 1
42 76 1
42 77 2
42 82 5
42 86 2
42 88 12
42 90 2
42 92 3
42 96 1
42 98 1
42 103 3
42 105 1
42 106 12
42 108 4
42 109 1
42 110 1
42 112 1
42 114 1
42 115 2
42 116 1
42 117 1
42 120 2
42 121 3
42 124 3
42 127 1
42 137 1
42 138 2
42 139 1
42 140 1
42 141 1
42 142 2
42 143 4
42 144 2
42 145 1
42 146 1
42 147 2
42 148 1
42 149 1
42 150 1
43 1 1
43 10 1
43 71 2
44 1 3
44 3 3
44 6 5
44 7 2
44 9 8
44 10 1
44 14 1
44 18 1
44 20 4
44 23 1
44 27 11
44 28 2
44 29 1
44 30 1
44 31 2
44 32 4
44 40 1
44 41 2
44 44 3
44 46 1
44 47 1
44 50 5
44 52 2
44 53 3
44 54 1
44 62 2
44 68 1
44 69 5
44 70 4
44 72 4
44 73 1
44 75 1
44 76 3
44 77 3
44 80 1
44 81 3
44 82 5
44 85 2
44 86 2
44 89 1
44 92 3
44 94 1
44 96 1
44 104 1
44 105 6
44 106 16
44 107 2
44 109 5
44 112 1
44 120 2
44 125 1
44 126 5
44 127 10
44 131 1
44 141 1
44 142 1
44 143 1
44 145 1
44 151 1
44 152 1
44 153 1
44 154 1
44 155 2
44 156 1
45 157 1
46 11 1
46 19 1
46 23 1
46 46 1
46 49 1
46 50 1
46 52 3
46 62 2
46 71 1
46 126 1
47 117 1
48 17 1
48 33 1
48 83 1
48 158 1
49 84 1
49 126 1
49 159 1
50 5 1
50 6 1
50 27 1
50 108 1
51 92 1
51 125 1
52 1 1
52 3 1
53 1 1
53 3 1
53 36 1
53 158 1
54 106 1
55 5 1
55 27 1
55 28 1
55 39 1
55 43 1
55 53 1
55 54 1
55 68 1
55 93 1
55 113 1
55 147 1
56 5 1
56 88 1
56 113 1
57 5 1
57 107 1
57 157 1
58 1 1
58 3 1
58 107 1
58 159 1
59 1 1
59 22 1
60 36 1
60 99 1
61 1 1
61 62 1
61 160 1
62 7 1
62 18 1
62 161 1
63 99 1
63 102 1
63 147 1
64 68 1
66 18 2
66 68 1
67 43 1
67 89 1
68 1 1
68 3 1
68 94 1
69 1 1
69 3 1
69 35 1
69 48 1
69 141 1
69 148 1
70 10 1
70 84 1
70 120 1
71 1 1
71 3 1
71 123 1
71 135 1
72 24 1
72 54 1
72 56 1
73 49 1
74 1 1
74 7 1
74 15 1
74 123 1
74 135 1
75 10 1
75 13 1
75 17 2
75 24 1
75 62 1
75 67 1
75 70 2
75 71 2
75 106 1
75 130 2
76 49 1
77 5 1
77 27 1
77 107 1
78 1 1
78 7 1
79 56 1
80 43 1
80 71 1
80 92 1
81 23 1
81 68 1
81 71 1
82 89 1
82 150 1
83 62 1
83 86 1
84 1 1
84 68 1
84 71 1
84 146 1
85 1 1
85 3 1
85 5 2
85 26 1
85 27 2
85 36 1
85 79 1
85 88 1
85 98 1
85 107 1
85 128 1
85 157 1
85 158 1
87 1 1
87 3 1
87 54 1
88 1 1
88 3 1
88 27 1
88 115 1
89 1 1
89 2 1
89 3 1
89 6 1
89 7 1
89 32 1
89 53 1
89 67 1
89 98 1
90 3 1
91 123 1
91 131 1
91 150 1
92 1 1
92 3 1
92 27 1
93 88 1
93 107 1
94 44 1
95 13 1
95 71 1
96 1 2
96 33 1
96 34 1
96 73 2
96 107 2
97 1 1
97 22 1
97 135 1
98 5 1
98 64 1
98 135 1
98 162 1
99 1 1
99 22 1
99 83 1
101 1 2
101 3 1
101 7 1
101 12 1
101 53 1
101 75 1
101 144 1
101 163 1
102 10 1
102 11 1
102 53 1
102 80 1
102 89 1
102 120 1
103 5 1
103 7 1
104 1 1
104 7 1
104 83 1
104 130 1
105 1 1
105 3 1
105 27 1
105 30 1
106 164 1
107 18 1
107 62 1
107 104 1
107 106 1
108 21 1
108 54 1
108 63 1
108 80 1
108 89 1
108 106 2
108 142 1
109 1 1
109 3 1
110 13 1
110 71 1
110 96 1
110 118 1
111 53 1
112 1 1
112 7 1
113 1 1
113 3 1
114 3 1
114 22 1
115 1 1
115 22 1
115 123 1
116 124 1
117 7 1
118 1 1
118 3 1
119 3 1
120 1 2
120 3 2
120 27 1
120 93 1
121 1 2
121 15 1
121 19 1
121 22 2
121 75 1
121 97 1
121 107 1
121 135 3
121 157 1
122 3 1
122 6 1
122 12 2
122 20 1
122 40 1
122 77 1
122 104 1
122 165 1
124 125 1
125 93 1
125 102 1
125 140 1
126 1 3
126 3 8
126 6 3
126 8 1
126 9 15
126 10 11
126 11 5
126 12 1
126 13 1
126 14 8
126 15 4
126 16 2
126 18 4
126 19 1
126 20 1
126 21 4
126 23 4
126 25 2
126 26 3
126 27 3
126 29 1
126 30 2
126 31 3
126 32 16
126 35 1
126 36 3
126 39 1
126 40 2
126 41 1
126 43 17
126 44 3
126 46 5
126 49 2
126 50 2
126 51 1
126 52 2
126 53 2
126 54 28
126 55 1
126 56 3
126 62 2
126 64 8
126 69 8
126 71 8
126 73 1
126 74 1
126 75 1
126 77 4
126 81 1
126 82 2
126 84 2
126 85 2
126 86 1
126 87 3
126 89 3
126 90 5
126 91 1
126 92 2
126 93 2
126 94 2
126 96 1
126 102 8
126 103 2
126 104 3
126 106 2
126 107 2
126 108 2
126 111 5
126 114 17
126 115 1
126 118 1
126 120 1
126 121 2
126 123 2
126 125 1
126 126 2
126 130 3
126 134 1
126 139 2
126 140 1
126 142 1
126 143 1
126 144 2
126 145 3
126 146 2
126 150 1
126 153 4
126 154 23
126 155 2
126 156 5
126 157 2
126 163 7
126 164 6
126 166 2
126 167 7
127 1 1
127 3 1
127 9 3
127 12 1
127 17 1
127 19 1
127 26 1
127 27 1
127 47 1
127 50 1
127 52 1
127 55 1
127 62 1
127 68 1
127 90 1
127 91 1
127 95 1
127 109 1
127 126 2
127 142 1
127 146 1
127 148 1
127 156 1
127 168 1
128 3 2
128 5 1
128 6 1
128 9 2
128 13 1
128 29 1
128 42 1
128 43 1
128 44 2
128 48 1
128 52 1
128 107 2
128 108 1
128 109 2
128 116 1
128 147 1
128 157 1
129 74 1
129 121 1
130 1 1
130 16 1
130 29 1
130 32 1
131 43 1
132 1 1
132 3 1
132 135 1
133 22 1
133 54 1
134 27 1
135 1 1
135 3 1
135 5 1
135 9 1
135 18 1
135 26 1
135 83 1
135 159 1
135 160 1
136 43 1
137 1 1
137 3 1
137 26 1
137 27 1
138 1 1
138 6 1
138 7 1
138 18 1
138 160 1
139 74 1
139 87 1
141 1 1
141 7 1
141 135 1
143 4 1
143 9 1
143 10 1
143 11 1
143 12 1
143 16 1
143 17 1
143 21 1
143 23 2
143 26 1
143 35 2
143 37 2
143 42 3
143 47 1
143 61 3
143 70 3
143 73 2
143 77 1
143 80 2
143 82 1
143 83 1
143 86 1
143 118 1
143 127 1
143 128 2
143 145 1
143 156 1
143 169 1
144 1 1
144 3 1
144 5 2
144 9 2
144 22 1
144 46 1
144 53 1
144 64 1
144 78 1
144 90 1
144 113 1
144 117 1
144 129 1
144 134 1
144 141 3
144 163 1
144 170 1
145 7 1
145 59 1
146 5 1
146 66 1
147 72 1
148 72 1
148 171 1
149 55 1
149 76 1
149 88 1
149 111 1
149 172 3
149 173 1
150 19 1
150 20 1
150 46 1
150 56 1
150 69 1
150 72 1
150 74 1
150 76 1
150 77 1
150 105 1
150 122 1
150 141 1
150 165 1
151 10 1
151 174 1
152 10 1
152 174 1
153 34 1
153 43 1
153 72 1
153 164 1
154 43 1
154 72 1
154 171 1
154 175 1
155 136 1
155 146 1
155 158 1
156 72 1
157 5 1
157 22 1
157 66 2
157 126 1
158 105 1
159 1 1
159 3 1
159 125 1
160 3 1
160 35 1
160 46 1
160 53 2
160 78 1
160 91 1
160 110 1
160 133 1
160 147 1
161 136 1
161 154 1
162 7 1
162 59 1
162 126 1
163 5 1
163 64 1
163 162 1
164 72 1
165 3 1
165 5 1
165 30 1
165 176 1
166 36 1
166 72 1
167 65 1
167 72 1
167 139 1
168 6 1
168 32 1
168 41 1
168 60 1
168 106 1
168 132 1
169 55 1
169 58 1
169 72 1
169 105 1
169 158 1
169 168 2
170 30 1
170 58 1
170 105 1
170 111 1
170 138 1
170 158 1
170 168 2
170 177 2
171 43 1
171 72 2
171 173 1
172 140 1
173 5 2
173 48 1
173 52 1
173 178 1
174 5 2
174 41 1
174 48 1
174 52 1
174 88 1
174 178 1
175 72 3
175 175 1
176 32 1
176 38 1
176 136 1
176 139 1
176 147 1
177 136 1
177 179 4
178 36 1
178 41 1
178 179 1
180 2 1
180 5 3
180 9 4
180 11 1
180 27 4
180 34 1
180 55 1
180 70 1
180 71 1
180 72 1
180 73 1
180 81 1
180 86 1
180 103 1
180 105 1
180 106 1
180 109 1
180 118 1
180 121 1
180 140 1
180 141 1
180 153 1
180 155 1
180 164 1
181 3 1
181 4 3
181 7 1
181 10 1
181 11 2
181 29 1
181 30 1
181 32 8
181 33 1
181 39 4
181 40 1
181 44 1
181 47 1
181 53 1
181 57 2
181 68 1
181 70 2
181 77 1
181 79 3
181 80 1
181 82 1
181 83 1
181 86 1
181 89 5
181 94 1
181 96 1
181 101 1
181 102 1
181 103 2
181 114 1
181 121 2
181 126 2
181 128 1
181 138 1
181 143 1
181 144 2
181 165 1
181 180 1
182 7 1
182 23 1
182 31 1
182 43 1
182 59 1
183 158 1
183 174 1
184 106 1
184 119 1
184 180 1
184 181 1
185 45 1
185 86 1
185 87 1
185 101 1
185 126 1
186 72 1
186 91 1
187 3 2
187 5 1
187 6 2
187 7 3
187 11 1
187 17 2
187 19 1
187 29 1
187 34 1
187 35 1
187 39 1
187 42 1
187 44 1
187 50 2
187 54 4
187 59 1
187 66 1
187 69 1
187 70 1
187 77 1
187 82 1
187 85 1
187 110 2
187 112 1
187 117 2
187 118 1
187 122 1
187 130 4
188 76 1
188 77 1
188 78 1
188 144 1
189 72 1
190 4 1
190 37 1
191 5 3
191 10 2
191 23 1
191 64 1
191 91 1
191 108 2
191 156 1
191 176 2
192 3 2
192 5 2
192 9 1
192 10 1
192 26 1
192 27 1
192 28 1
192 37 1
192 38 2
192 40 1
192 41 5
192 44 1
192 48 1
192 50 2
192 54 1
192 56 1
192 63 1
192 64 1
192 65 1
192 70 1
192 80 1
192 83 2
192 85 1
192 89 1
192 90 2
192 95 1
192 104 1
192 121 1
192 125 1
192 126 2
192 127 1
192 129 1
192 132 1
192 145 3
192 151 1
192 167 1
192 171 2
194 3 1
194 5 1
196 72 1
197 4 3
197 5 3
197 10 1
197 12 1
197 18 1
197 26 3
197 27 3
197 31 2
197 37 1
197 43 1
197 46 3
197 50 1
197 54 1
197 56 1
197 67 1
197 90 2
197 112 1
197 118 1
197 130 1
197 142 1
197 182 1
200 5 1
200 27 1
200 102 1
201 3 1
201 5 1
201 83 1
202 72 1
202 175 1
204 6 1
204 64 1
205 72 1
205 175 1
206 72 1
207 72 1
207 75 1
207 135 1
207 175 1
208 5 1
208 9 1
208 150 1
208 160 1
209 106 1
209 111 1
209 171 1
210 5 1
210 27 1
210 28 1
210 48 1
210 53 1
210 56 1
210 102 3
210 145 1
210 161 2
211 64 1
211 87 1
211 154 1
211 170 1
213 25 1
213 72 1
214 3 1
214 5 1
214 94 1
215 25 1
215 30 1
215 55 1
215 72 1
215 105 1
215 138 1
215 168 2
217 101 1
217 174 1
218 2 1
218 5 1
218 95 1
219 27 1
219 55 1
219 65 1
220 46 1
220 174 1
220 183 1
222 5 3
222 9 1
222 12 1
222 13 1
222 45 2
222 66 3
222 81 1
222 100 1
222 106 1
222 130 1
222 131 5
222 141 1
223 3 1
223 5 1
223 9 1
223 66 1
224 17 1
224 158 1
224 184 1
225 4 1
225 92 1
226 72 1
228 9 1
228 111 1
228 125 1
228 172 1
229 3 1
229 93 1
229 125 1
230 46 1
230 98 1
230 136 1
230 158 1
230 166 1
231 3 1
231 5 1
231 52 1
231 66 1
231 67 1
232 3 2
232 4 1
232 5 15
232 7 1
232 26 2
232 27 29
232 30 2
232 37 2
232 59 3
232 61 1
232 66 1
232 75 1
232 110 2
232 120 1
232 159 1
232 160 3
233 5 1
233 64 1
234 5 1
234 37 1
234 42 1
234 48 2
234 61 1
235 5 1
235 6 1
235 37 1
235 42 1
235 48 2
236 5 1
236 37 1
236 42 1
236 48 2
236 61 1
237 5 1
237 64 1
238 5 1
238 37 1
238 48 2
239 5 1
239 48 2
240 5 1
240 37 1
240 42 1
240 48 2
240 61 1
241 5 1
241 48 2
241 63 1
241 161 1
242 63 1
242 149 1
243 5 1
243 48 2
243 63 1
244 5 1
244 48 2
244 63 1
245 5 1
245 37 1
245 42 1
245 48 2
245 61 1
246 56 1
246 76 1
246 81 3
246 83 1
246 104 1
246 121 1
247 5 1
247 37 1
247 48 2
248 5 1
248 42 1
248 48 2
248 61 1
248 178 1
249 5 1
249 37 1
249 38 1
249 48 2
249 112 1
249 128 1
249 129 1
250 3 1
250 59 1
251 5 1
251 37 1
251 42 1
251 48 2
251 61 1
251 98 1
252 5 1
252 37 1
252 48 2
252 185 1
253 5 1
253 48 2
253 99 1
253 102 1
253 161 1
253 186 1
254 5 1
254 37 1
254 48 2
254 171 1
255 5 1
255 6 1
255 20 1
255 28 1
255 43 1
255 48 2
255 49 1
255 52 1
255 53 1
255 62 1
255 64 1
255 77 1
255 80 1
255 95 1
255 104 8
255 107 1
255 110 2
255 111 1
255 125 1
255 126 1
255 132 1
255 163 1
255 181 1
256 5 1
256 37 1
256 48 2
256 185 1
257 120 1
257 123 1
257 136 1
258 3 1
258 5 1
259 3 1
259 59 1
259 71 1
260 5 3
260 9 1
260 10 1
260 64 1
260 66 1
260 99 1
260 131 1
261 5 1
261 48 2
261 88 1
262 5 1
262 37 1
262 42 1
262 48 2
262 61 1
263 5 1
263 48 2
263 63 1
265 5 1
265 37 1
265 48 2
266 5 1
266 37 1
266 48 2
266 185 1
267 2 1
267 5 1
267 48 2
268 9 1
268 19 1
268 26 1
268 30 1
268 77 1
268 82 1
268 89 1
268 92 1
268 96 1
268 158 1
268 163 1
269 5 1
269 37 1
269 42 1
269 48 2
269 61 1
269 147 1
270 5 2
270 48 2
270 93 1
271 32 1
271 101 1
271 123 1
271 148 1
271 151 1
271 152 2
272 5 1
272 48 2
272 99 1
272 114 1
273 5 1
273 37 1
273 48 2
274 5 1
274 37 1
274 48 2
274 185 1
275 5 1
275 48 2
275 171 1
275 178 1
276 5 1
276 48 2
276 99 1
276 114 1
277 5 1
277 37 1
277 48 2
277 185 1
278 5 1
278 32 1
278 146 1
279 5 1
279 48 2
279 171 1
279 178 1
280 5 1
280 37 1
280 48 2
280 185 1
281 6 1
281 46 1
281 66 1
281 167 1
282 7 1
282 52 1
282 92 1
282 124 1
283 5 1
283 48 2
283 78 1
283 83 1
283 178 1
283 185 1
284 3 1
284 4 1
284 10 2
284 12 2
284 18 1
284 19 2
284 20 1
284 23 1
284 27 1
284 31 1
284 32 3
284 33 1
284 39 1
284 46 1
284 47 1
284 48 1
284 50 3
284 52 3
284 53 1
284 54 3
284 60 1
284 69 1
284 75 1
284 76 1
284 77 2
284 82 1
284 85 1
284 88 1
284 92 1
284 96 2
284 109 3
284 118 1
284 127 2
284 130 2
284 134 1
284 140 1
284 144 1
284 153 1
284 156 1
284 163 2
286 5 1
286 44 1
286 64 1
286 150 1
287 5 1
287 170 1
289 8 1
289 32 1
289 45 1
289 83 1
289 88 1
289 101 1
289 128 1
289 154 1
289 158 2
290 30 1
290 58 1
290 158 1
290 187 1
291 101 2
291 188 1
292 3 1
292 6 1
292 18 1
292 32 1
293 45 1
293 75 1
293 101 2
294 40 1
295 1 1
295 7 1
295 9 2
295 18 1
295 20 1
295 24 2
295 36 1
295 43 1
295 53 1
295 54 2
295 56 1
295 67 1
295 76 1
295 77 1
295 91 1
295 96 1
295 102 1
295 103 1
295 104 1
295 105 1
295 107 1
295 109 1
295 112 2
295 123 3
295 125 3
295 126 1
295 129 1
295 142 1
295 150 1
295 154 1
295 183 1
296 26 1
296 45 1
296 101 1
297 3 1
297 5 1
297 145 1
298 63 1
298 75 1
298 83 1
298 101 1
298 113 1
298 151 1
299 83 1
299 101 1
300 3 1
300 134 1
301 21 1
301 30 1
301 36 1
301 158 1
302 5 1
302 64 1
303 44 1
303 52 1
303 55 2
304 38 1
304 136 1
304 147 2
304 158 1
304 179 1
305 101 1
305 112 1
306 5 2
306 9 3
306 17 1
306 21 1
306 26 1
306 27 1
306 43 1
306 46 1
306 48 1
306 59 1
306 69 1
306 70 1
306 74 1
306 79 1
306 80 1
306 83 4
306 91 1
306 113 3
306 132 1
306 142 1
306 159 1
306 167 1
306 169 4
307 21 1
307 22 2
307 140 1
307 186 1
308 93 2
308 136 1
309 5 1
309 12 1
309 19 1
309 44 1
309 64 2
309 97 1
309 99 1
309 100 1
309 170 2
310 75 1
310 101 1
310 136 1
310 137 1
310 152 1
311 5 1
311 7 1
311 9 1
311 52 1
311 54 1
312 55 1
313 101 1
313 122 1
314 5 1
314 6 1
314 7 1
314 22 1
314 24 1
314 42 1
314 89 1
316 5 1
316 7 1
316 9 1
317 83 1
317 92 1
317 169 1
318 65 1
318 83 1
318 96 1
318 171 1
319 5 1
319 12 1
319 26 1
319 27 1
319 53 1
320 71 1
320 106 1
320 173 1
320 180 1
320 189 1
320 190 1
321 83 1
321 101 1
321 122 1
321 152 1
321 161 1
321 179 1
322 25 1
323 22 1
323 63 1
324 5 1
324 65 1
324 66 1
325 3 1
325 7 1
325 9 1
325 12 1
325 14 1
325 15 1
325 19 3
325 26 1
325 27 2
325 50 1
325 78 1
325 82 1
325 84 2
325 90 3
325 126 1
325 167 1
325 177 1
326 5 1
326 27 1
326 83 1
327 39 3
327 83 1
327 95 1
327 149 1
327 158 2
328 3 1
328 5 1
328 13 1
328 135 1
329 5 1
329 27 1
330 7 1
330 59 1
331 3 1
331 5 1
331 137 1
331 191 1
332 23 1
332 129 1
332 171 1
333 8 1
333 88 1
333 154 1
334 110 1
334 123 1
334 187 1
335 5 1
335 44 1
335 64 1
336 92 1
336 153 1
336 182 1
337 3 2
337 5 1
337 7 1
337 9 1
337 11 2
337 15 1
337 19 1
337 20 1
337 26 1
337 27 2
337 30 1
337 35 1
337 36 2
337 41 4
337 50 1
337 51 1
337 52 1
337 55 1
337 57 1
337 63 1
337 73 1
337 84 1
337 91 1
337 94 1
337 126 1
337 130 1
337 158 2
337 163 2
338 32 1
338 34 1
338 53 1
338 57 1
338 83 1
338 105 1
338 125 1
338 130 1
338 136 4
338 149 2
338 158 4
338 164 4
338 187 1
339 3 1
339 5 2
339 27 2
339 44 1
339 110 1
339 154 1
339 157 2
339 167 1
340 17 1
340 190 1
341 5 2
341 6 1
341 9 1
341 42 1
341 47 1
341 49 1
341 52 1
341 64 1
341 78 1
341 113 1
341 141 1
341 177 2
342 38 1
342 47 1
342 147 1
342 178 1
343 164 1
344 32 1
344 140 1
345 9 2
345 12 1
345 30 2
345 32 1
345 36 1
345 46 1
345 58 2
345 69 1
345 70 1
345 101 1
345 115 1
345 136 5
345 153 1
345 154 1
345 158 3
345 179 1
345 187 2
346 1 1
346 3 1
346 27 1
346 78 1
346 106 1
346 131 1
346 134 1
346 159 1
347 32 3
347 55 2
347 63 3
347 146 2
347 168 1
348 5 1
348 37 1
348 97 1
350 18 1
350 32 2
350 63 1
350 146 1
350 151 1
350 179 1
351 18 1
351 32 2
351 63 1
351 146 1
351 151 1
351 179 1
352 5 1
352 9 1
353 63 1
353 83 1
353 98 1
353 164 1
354 5 1
354 75 1
355 32 2
355 46 1
355 63 1
355 72 1
355 146 1
356 19 1
356 32 1
356 44 1
356 55 2
356 63 3
357 19 1
357 32 1
357 44 1
357 55 2
357 63 3
358 101 1
358 136 1
358 144 1
358 152 1
358 154 1
358 174 1
359 8 1
359 55 1
359 63 1
359 83 2
359 103 1
359 146 1
359 151 1
359 168 1
360 8 1
360 55 1
360 63 1
360 83 1
360 103 1
360 146 1
360 151 1
360 168 1
361 164 1
362 58 1
362 158 1
363 30 1
363 124 1
363 179 1
364 179 1
365 5 2
365 6 1
365 7 1
365 23 1
365 27 1
365 35 1
365 41 3
365 43 1
365 50 3
365 54 1
365 80 1
365 85 1
365 89 2
365 90 1
365 91 1
365 95 1
365 110 2
365 118 1
365 126 1
365 143 1
365 144 1
366 83 1
366 101 1
366 107 1
366 152 1
368 140 1
369 25 1
369 55 1
369 176 1
370 9 1
370 30 1
370 158 1
370 168 1
371 5 1
371 17 1
371 150 1
372 51 1
372 189 1
373 5 1
373 21 1
373 64 1
374 1 1
374 3 1
374 4 1
374 10 1
374 17 6
374 29 1
374 31 2
374 34 1
374 46 1
374 50 1
374 63 3
374 69 2
374 72 1
374 73 1
374 82 4
374 88 2
374 98 2
374 100 1
374 138 1
374 139 1
374 146 1
374 150 1
374 153 2
374 164 7
374 165 2
374 166 5
374 182 1
374 186 1
374 190 1
375 3 1
375 5 1
376 3 1
376 5 1
376 137 1
376 191 1
377 101 1
378 3 2
378 5 1
378 37 2
378 41 1
378 52 1
378 118 1
378 128 2
378 129 2
379 20 1
379 91 1
379 157 1
380 6 1
380 76 1
380 139 1
381 101 1
381 114 1
381 151 1
383 15 1
383 18 1
383 19 1
383 27 2
383 35 1
383 36 1
383 52 2
383 55 1
383 70 1
383 78 1
383 88 1
383 117 1
383 130 2
383 148 1
383 149 1
383 158 1
383 160 1
383 163 1
384 1 1
384 3 3
384 11 1
384 27 1
384 29 2
384 39 1
384 40 1
384 56 1
384 60 1
384 68 1
384 76 1
384 81 1
384 83 1
384 84 1
384 85 1
384 109 1
384 127 3
384 130 1
384 138 1
384 155 1
385 9 1
385 27 1
385 40 1
385 50 1
385 78 2
386 15 1
386 117 1
386 166 1
387 3 5
387 5 6
387 6 3
387 7 2
387 9 7
387 10 4
387 11 1
387 15 1
387 18 1
387 22 3
387 26 1
387 27 1
387 29 3
387 34 1
387 35 2
387 37 5
387 38 1
387 41 1
387 42 8
387 43 10
387 45 1
387 48 2
387 52 2
387 54 1
387 56 2
387 57 1
387 61 4
387 82 1
387 83 5
387 85 3
387 87 1
387 89 3
387 104 1
387 105 1
387 106 3
387 113 1
387 117 1
387 123 1
387 126 1
387 128 4
387 134 1
387 138 3
387 139 1
387 145 1
387 163 2
388 3 1
388 5 1
388 137 1
388 191 1
389 187 1
390 83 1
390 87 1
391 5 1
391 27 1
391 135 1
392 1 2
392 30 1
392 36 1
392 105 1
392 115 2
392 148 1
392 153 1
392 154 1
392 158 2
392 172 4
392 183 1
392 187 1
393 21 1
393 88 1
393 92 1
393 105 1
393 137 1
394 60 1
394 115 1
395 30 1
395 43 1
395 115 1
396 3 1
396 5 1
396 143 1
396 188 1
396 191 1
397 43 1
397 68 1
397 92 1
398 139 1
399 18 1
400 1 1
400 83 1
401 55 1
401 63 1
401 83 1
401 168 1
402 5 1
402 43 1
402 64 1
402 153 1
403 58 1
403 105 1
403 155 1
403 158 1
403 168 2
404 2 2
404 3 2
404 4 1
404 6 3
404 9 1
404 10 3
404 12 1
404 13 1
404 14 3
404 15 5
404 16 1
404 17 1
404 18 4
404 19 3
404 20 2
404 21 1
404 23 1
404 24 1
404 25 4
404 26 3
404 27 1
404 30 2
404 31 3
404 32 2
404 36 1
404 39 1
404 42 3
404 43 8
404 44 1
404 46 1
404 47 1
404 48 2
404 50 2
404 51 1
404 52 2
404 53 3
404 54 2
404 55 2
404 57 2
404 60 1
404 62 3
404 67 2
404 68 1
404 69 3
404 71 1
404 72 1
404 74 1
404 77 3
404 80 5
404 81 2
404 85 1
404 89 4
404 90 5
404 91 2
404 93 1
404 95 1
404 96 3
404 101 2
404 104 4
404 105 1
404 106 2
404 108 1
404 114 37
404 118 5
404 121 1
404 122 1
404 123 1
404 126 1
404 127 1
404 130 2
404 131 1
404 134 2
404 135 4
404 142 4
404 143 1
404 144 3
404 145 1
404 146 2
404 153 1
404 155 1
404 156 2
404 157 3
404 163 4
404 165 2
404 166 10
404 182 1
405 3 1
405 5 1
406 68 1
406 72 1
406 158 1
407 25 1
407 33 1
407 55 1
407 72 2
408 33 1
408 72 2
409 33 1
409 72 2
410 33 1
410 72 2
411 101 1
411 152 1
412 151 1
413 2 1
413 5 1
413 19 1
413 64 1
413 97 1
413 112 1
414 28 1
414 140 1
415 101 1
415 151 1
415 152 1
415 188 1
416 55 1
416 72 2
417 21 1
417 72 2
417 137 1
418 55 1
418 72 2
418 138 1
419 72 1
419 157 1
420 72 1
420 157 1
420 192 1
421 72 1
421 157 1
422 25 1
422 72 1
423 72 1
424 55 1
424 72 1
424 157 1
425 55 1
425 72 1
426 43 1
426 72 1
427 30 1
427 55 1
428 4 1
428 30 1
428 32 1
428 55 2
428 72 2
429 55 1
429 72 1
429 157 1
430 55 1
430 115 1
430 155 1
431 55 1
431 72 1
431 157 1
432 58 1
432 158 1
433 36 1
433 72 1
433 158 1
434 68 2
434 88 1
435 58 1
435 102 1
435 158 1
435 187 1
437 55 1
438 58 1
438 158 1
439 5 1
439 26 1
439 27 1
439 70 1
439 106 1
440 1 1
440 3 1
440 4 1
440 27 1
440 68 1
440 115 1
440 153 1
441 3 1
441 5 1
441 16 1
442 5 1
442 27 1
443 5 1
443 7 1
443 67 1
443 68 1
444 3 1
444 52 1
444 124 1
446 1 1
447 123 1
448 5 1
448 7 1
448 32 1
448 86 1
449 9 1
450 27 1
453 5 1
453 9 1
453 27 1
454 3 1
454 5 3
454 16 1
454 29 2
454 77 1
454 81 1
454 95 1
454 101 3
454 110 1
454 113 1
454 144 3
454 145 2
454 165 1
455 5 2
455 27 1
455 160 2
456 6 1
456 116 1
457 5 1
457 27 1
457 160 2
458 5 1
458 7 1
458 50 1
458 75 1
458 95 1
458 150 1
458 183 1
459 32 1
459 111 1
459 138 1
459 155 1
460 63 1
460 150 1
460 152 1
460 161 1
461 6 1
461 116 1
463 5 1
463 9 1
464 5 1
464 21 1
464 27 1
464 68 1
464 93 1
465 3 1
465 83 1
465 135 1
465 158 1
465 178 1
466 45 1
466 63 1
466 152 1
467 55 1
467 58 1
467 92 1
467 193 1
468 83 1
468 98 1
469 5 1
469 27 1
469 48 1
469 110 1
470 5 1
470 7 1
470 176 1
470 188 1
471 55 1
471 58 1
471 92 1
471 193 1
472 55 1
472 58 1
472 92 1
472 193 1
473 124 1
473 135 1
473 158 1
474 5 1
474 66 1
475 3 1
475 46 1
475 56 2
475 59 1
475 76 1
475 77 1
475 144 1
476 5 1
476 20 1
478 3 1
478 5 1
478 6 1
478 19 1
478 33 1
478 36 2
478 41 1
478 47 1
478 56 1
478 60 1
478 62 1
478 97 1
478 125 1
478 126 1
478 158 2
478 160 1
479 17 1
479 32 1
479 63 1
479 106 1
480 158 2
480 179 1
481 9 1
481 30 1
482 3 1
482 46 1
482 140 1
482 158 1
482 186 1
483 5 1
483 9 1
483 48 1
483 93 1
483 102 1
484 9 1
484 26 1
484 32 1
484 46 1
484 140 1
484 158 1
484 186 1
485 101 1
485 152 1
486 5 1
486 66 1
486 150 1
486 161 1
487 5 2
487 27 1
487 30 1
487 149 1
488 45 1
488 75 1
488 101 1
488 144 1
488 152 1
488 154 1
488 188 1
489 124 1
489 158 1
490 9 1
490 83 1
490 88 1
490 158 1
490 186 1
491 3 1
491 6 2
491 19 1
491 21 1
491 35 2
491 46 1
491 51 1
491 76 1
491 77 1
491 84 1
491 117 1
491 126 1
491 144 1
492 5 1
492 22 1
492 65 1
492 158 1
493 101 1
493 152 1
493 158 1
494 32 1
494 140 1
494 158 1
494 186 1
495 9 1
495 30 1
495 136 1
495 154 1
496 9 1
496 58 1
496 83 1
496 179 1
497 55 1
497 58 1
497 92 1
497 193 1
498 101 1
498 107 1
498 152 1
498 154 1
498 188 1
499 78 1
500 18 1
500 71 1
500 78 1
501 32 1
501 127 1
501 158 1
501 184 1
502 22 1
502 32 1
502 124 1
502 158 1
502 179 1
502 184 1
503 4 1
504 65 1
504 140 1
504 158 1
504 184 1
505 140 1
505 179 1
506 4 1
506 7 1
506 48 1
506 49 1
506 52 1
506 64 1
506 96 1
506 106 1
507 182 1
508 98 1
508 101 1
509 158 1
510 194 1
511 55 1
511 58 1
511 92 1
511 193 1
512 55 1
512 58 1
512 92 1
512 193 1
513 5 2
513 27 1
513 149 1
514 55 1
514 58 1
514 92 1
514 193 1
515 125 1
515 140 1
515 151 1
515 186 1
516 5 1
516 16 1
516 27 1
516 66 1
516 68 1
516 87 1
516 94 1
516 106 1
516 120 1
517 55 1
517 58 1
517 92 1
517 193 1
518 51 1
518 55 1
518 58 1
518 92 1
518 193 1
519 55 1
519 58 1
519 92 1
519 193 1
520 55 1
520 58 1
520 92 1
520 193 1
521 18 1
521 30 1
521 32 1
521 151 1
522 32 1
522 136 1
522 158 1
522 179 1
523 55 1
523 58 1
523 92 1
523 193 1
524 55 1
524 58 1
524 92 1
524 193 1
525 55 1
525 58 1
525 92 1
525 193 1
526 55 1
526 58 1
526 92 1
526 193 1
527 55 1
527 58 1
527 92 1
527 193 1
528 55 1
528 58 1
528 92 1
528 193 1
529 55 1
529 58 1
529 92 1
529 193 1
530 55 1
530 58 1
530 92 1
530 193 1
531 55 1
531 58 1
531 92 1
531 193 1
532 55 1
532 58 1
532 92 1
532 193 1
533 55 1
533 58 1
533 92 1
533 193 1
534 55 1
534 58 1
534 92 1
534 193 1
535 194 1
536 55 1
536 58 1
536 92 1
536 193 1
537 55 1
537 58 1
537 92 1
537 193 1
538 3 1
538 10 1
538 59 1
538 130 1
538 141 1
539 55 1
539 58 1
539 92 1
539 193 1
541 55 1
541 58 1
541 92 1
541 193 1
542 55 1
542 58 1
542 92 1
542 193 1
543 55 1
543 58 1
543 92 1
543 193 1
544 55 1
544 58 1
544 92 1
544 193 1
545 55 1
545 58 1
545 92 1
545 193 1
546 55 1
546 58 1
546 92 1
546 193 1
547 55 1
547 58 1
547 92 1
547 193 1
548 3 1
548 59 1
549 30 1
549 32 1
549 58 1
549 168 2
550 55 1
550 63 1
551 55 1
551 58 1
551 92 1
551 193 1
552 194 1
553 55 1
553 58 1
553 92 1
553 193 1
554 167 1
555 3 1
555 46 1
555 59 1
555 150 1
556 158 1
557 7 1
557 10 1
557 26 1
557 27 2
557 47 1
557 73 2
557 110 1
557 125 1
557 132 1
558 174 1
559 5 1
559 32 1
560 58 1
560 136 1
560 167 1
561 83 1
562 167 1
563 32 1
565 36 1
565 98 1
565 155 1
566 140 1
566 181 1
567 21 2
567 111 1
568 36 1
568 41 1
569 1 1
569 22 1
569 43 1
569 168 1
570 72 1
570 149 1
571 18 1
571 36 1
571 72 1
571 124 1
571 125 1
572 194 1
573 32 1
573 55 1
573 63 1
573 88 1
573 164 1
574 41 1
574 69 1
574 78 1
574 135 1
575 136 1
576 36 1
576 72 1
576 149 1
577 63 1
577 136 1
577 192 1
578 58 1
578 158 1
579 58 3
579 136 1
580 55 1
580 72 1
580 149 1
581 30 1
581 32 1
581 136 1
581 182 1
583 60 1
583 158 1
584 60 1
585 31 1
586 83 1
586 149 1
586 158 1
587 175 1
588 172 1
593 26 1
593 32 1
593 58 1
593 167 1
593 168 1
594 91 1
597 36 1
597 72 1
597 149 1
598 65 1
598 140 1
598 176 1
598 181 1
599 140 1
599 158 1
599 186 1
600 2 1
600 14 1
600 55 1
600 112 1
600 138 1
600 140 1
600 142 1
600 189 1
603 55 1
603 91 1
603 143 1
603 172 1
603 175 1
603 190 1
604 46 1
604 72 1
605 32 1
605 55 1
605 63 1
606 20 1
606 136 2
606 187 2
607 58 1
607 136 1
607 158 1
608 53 1
608 158 1
609 106 1
609 158 1
609 184 1
610 68 1
610 172 1
610 190 1
612 45 1
612 75 1
612 101 1
612 136 1
613 9 1
613 174 1
614 55 1
614 190 1
616 30 1
616 133 1
616 158 1
616 181 1
616 189 1
617 4 1
617 188 2
618 4 1
618 72 1
618 83 1
618 188 2
619 4 1
619 188 2
620 4 1
620 188 2
622 30 1
622 58 1
622 158 1
622 168 1
622 177 1
622 188 1
623 10 1
623 36 1
623 105 1
623 123 1
623 140 1
623 158 1
624 10 1
624 83 1
624 111 1
624 140 1
624 181 1
625 165 1
626 88 1
626 101 1
626 152 1
626 186 1
627 25 1
627 63 1
627 192 1
629 158 1
629 177 1
629 181 1
629 189 1
630 188 1
631 36 1
631 72 1
631 149 1
632 36 1
632 72 1
632 149 1
633 6 1
633 7 2
633 24 1
633 59 1
633 84 1
633 85 1
633 95 2
633 106 3
633 159 1
633 165 1
633 177 2
634 53 1
634 158 1
635 136 1
636 36 1
636 88 1
636 158 1
637 1 1
637 140 1
637 153 1
637 181 1
638 7 1
638 32 1
638 55 1
638 72 1
639 65 1
639 105 1
641 1 1
641 7 1
641 30 1
642 88 1
642 119 2
642 180 3
642 181 1
643 92 1
644 136 1
645 177 1
645 180 1
645 187 1
645 189 1
646 124 1
646 158 1
647 2 1
647 194 1
648 119 1
649 101 1
651 30 2
651 55 2
651 88 3
651 92 1
651 111 4
651 171 1
651 173 1
651 187 2
652 32 2
652 136 2
653 136 1
653 190 1
654 119 1
655 119 1
656 83 1
656 95 1
657 10 1
657 55 1
657 140 2
657 171 1
657 177 1
659 72 1
659 149 1
660 36 1
660 106 1
660 149 1
660 158 1
661 72 1
661 149 1
662 29 1
663 9 1
663 140 1
663 158 1
663 186 1
664 36 1
664 72 1
664 149 1
665 140 1
665 158 1
665 176 1
665 181 1
666 140 1
666 176 1
666 181 1
667 63 1
668 83 1
668 111 1
668 181 1
668 189 1
669 129 1
669 140 1
669 189 1
670 10 1
670 55 1
670 133 1
670 140 1
670 171 1
671 72 1
671 149 1
673 174 1
675 124 1
675 158 1
675 184 1
676 34 1
676 72 1
676 149 1
677 135 1
677 140 1
677 152 1
677 176 1
678 36 1
678 106 1
678 149 1
678 158 1
679 55 1
679 72 1
679 149 1
680 2 3
680 68 1
680 140 1
680 189 1
681 1 1
681 3 1
681 7 2
681 9 3
681 51 1
681 59 1
681 81 1
681 84 1
681 90 1
681 95 1
681 104 2
681 130 1
682 32 1
682 111 1
682 140 1
682 158 1
682 186 1
683 32 1
683 158 1
684 12 1
684 55 1
684 63 1
684 168 1
685 29 1
685 55 1
685 151 1
686 55 1
686 72 1
686 124 1
687 25 1
687 72 1
688 22 1
688 55 1
688 116 1
688 124 1
689 55 1
689 72 1
689 149 1
690 32 1
690 179 1
690 192 1
691 29 1
691 32 1
691 55 1
691 63 1
691 158 1
691 162 1
693 140 1
693 176 1
693 181 1
694 15 1
694 32 1
694 63 1
694 100 1
695 122 1
695 125 1
696 31 1
696 32 1
696 45 1
696 136 1
696 179 1
697 72 1
697 149 1
697 160 1
698 5 1
698 11 1
698 37 1
698 48 2
698 80 1
698 107 1
699 9 1
699 171 1
699 174 1
700 18 1
700 29 1
700 32 1
701 124 1
701 158 1
701 184 1
702 27 1
702 28 1
702 167 1
703 10 1
703 12 1
703 133 1
703 140 1
703 181 1
704 180 1
704 189 1
705 168 1
705 180 1
705 189 1
706 136 1
706 187 1
707 32 1
707 55 1
707 72 1
707 124 1
707 146 1
708 140 1
708 158 1
708 176 1
708 181 1
709 140 1
709 176 1
709 181 1
710 124 1
710 158 1
711 55 1
711 139 1
711 168 1
711 183 1
713 14 1
713 17 1
713 22 1
713 58 1
714 55 1
714 133 1
715 55 1
716 32 1
716 162 1
717 111 1
717 177 1
717 181 1
717 189 1
718 29 1
718 57 1
720 55 1
720 63 1
721 151 1
722 32 1
722 65 1
722 151 1
722 183 1
723 46 1
723 55 1
723 140 1
723 158 1
724 1 1
724 3 1
724 27 1
725 39 1
725 149 1
725 158 1
725 160 1
725 179 1
726 30 1
726 72 1
726 136 2
726 187 1
727 105 2
727 119 2
727 175 1
727 188 1
728 188 1
729 2 1
729 114 1
730 155 1
730 188 1
731 175 1
732 30 1
732 115 1
732 164 1
732 187 1
733 32 1
733 146 1
733 158 1
733 184 1
734 182 1
735 6 1
735 20 1
736 109 1
736 111 1
736 172 2
737 36 1
737 92 1
738 127 1
738 140 1
738 176 1
739 140 1
739 176 1
739 181 1
740 41 1
740 43 1
740 172 1
740 175 1
741 3 1
741 187 1
742 32 1
742 179 1
743 32 1
743 34 1
743 186 1
744 158 1
744 174 1
746 21 1
746 136 1
746 188 1
748 105 1
748 111 1
748 158 1
748 172 1
748 187 1
749 172 1
750 58 1
750 158 1
750 168 1
751 105 1
752 105 1
752 172 1
753 36 1
753 88 1
753 92 1
753 140 1
753 173 1
753 175 1
754 111 1
755 43 1
755 88 1
755 172 1
756 105 1
756 172 1
756 175 1
756 187 1
757 30 1
757 136 1
757 172 1
758 171 1
758 173 1
759 91 1
759 175 1
760 75 1
760 101 1
760 172 1
761 136 1
762 88 1
762 92 1
762 172 1
762 175 1
762 182 1
763 136 1
763 139 1
763 187 1
764 88 1
764 164 1
765 136 1
766 32 1
766 88 1
766 115 1
766 162 1
767 9 1
767 140 1
767 151 1
767 158 1
767 186 1
768 21 1
768 105 2
768 119 2
769 32 1
769 43 1
769 158 1
770 92 1
770 105 1
770 143 1
770 188 1
771 21 1
771 105 2
771 119 2
771 143 1
771 188 1
772 128 1
773 179 1
774 32 1
774 174 1
775 32 1
775 65 1
775 158 1
776 46 1
776 88 1
776 151 1
777 21 1
777 105 2
777 119 2
777 143 1
777 188 1
778 139 1
778 151 1
779 12 1
779 135 1
780 101 1
781 92 1
782 32 1
782 140 1
782 181 1
783 68 1
783 140 1
786 92 1
786 105 2
786 119 1
786 188 1
787 55 1
787 67 1
787 72 1
787 124 1
788 140 2
788 152 1
788 158 1
788 176 2
788 181 1
789 140 1
789 181 1
790 43 1
790 180 1
790 189 1
791 158 1
791 177 1
791 180 1
791 181 1
791 187 1
791 189 1
792 32 1
792 72 1
792 125 1
792 181 1
793 155 1
793 158 1
794 21 2
794 105 2
794 119 2
795 89 1
795 92 1
795 105 2
795 119 1
796 89 1
796 92 1
796 105 2
796 119 1
796 188 1
797 92 1
797 105 2
797 119 1
797 188 1
798 92 1
798 105 2
798 119 1
798 188 1
799 25 1
799 108 1
799 136 1
799 166 1
800 29 1
800 136 1
801 3 1
801 63 1
801 98 1
801 140 1
802 12 1
802 30 1
802 57 1
802 140 1
802 177 1
802 187 1
803 21 1
803 45 1
803 101 1
803 154 1
804 92 1
804 105 2
804 119 1
804 188 1
805 30 1
805 187 1
806 32 1
807 30 1
807 119 2
807 177 1
807 180 2
807 181 1
808 92 1
808 105 2
808 119 1
808 188 1
809 92 1
809 105 2
809 119 1
810 32 1
810 63 1
810 139 1
810 140 1
810 147 1
811 29 1
812 32 1
812 63 1
812 136 1
812 140 1
813 29 1
813 151 1
814 171 1
814 181 1
816 140 1
816 166 1
816 180 1
816 181 1
816 189 1
817 36 1
817 100 1
818 23 1
818 55 1
818 158 1
818 184 1
819 3 1
819 5 1
819 143 1
819 188 1
819 191 1
820 105 2
820 119 2
820 143 1
820 188 1
821 105 2
821 119 2
821 188 1
822 105 2
822 119 2
822 143 1
822 188 1
823 10 1
823 21 1
823 147 1
823 174 1
824 140 1
824 162 1
824 167 1
824 179 1
824 186 1
825 32 1
825 106 1
826 149 1
827 68 1
827 140 1
827 176 1
827 181 1
829 111 1
829 181 1
829 189 1
832 30 1
832 58 1
832 168 1
832 177 1
833 124 1
833 158 1
834 32 1
834 158 1
834 174 1
835 68 1
835 72 1
836 32 1
836 55 1
836 72 1
836 139 1
836 158 1
836 174 1
837 12 1
837 58 1
838 140 1
838 177 1
839 68 1
839 72 1
840 14 1
840 32 1
840 55 1
840 154 1
840 182 1
841 140 1
841 176 1
841 177 1
842 119 1
842 171 1
842 180 1
842 181 1
843 136 1
843 178 1
845 140 1
845 152 1
846 140 2
846 155 1
846 181 1
847 32 1
847 174 1
848 88 1
848 119 1
848 180 2
848 181 1
849 22 1
849 124 1
849 140 1
849 184 1
850 140 1
850 155 1
850 181 1
851 9 1
851 136 1
852 12 1
852 32 1
852 168 2
854 3 1
854 5 1
854 22 2
855 6 1
855 48 1
855 99 2
855 106 1
855 108 1
855 177 1
856 5 1
856 64 1
857 58 1
857 155 1
857 166 1
857 168 2
858 5 1
858 36 1
858 48 1
858 149 1
859 140 1
859 176 1
859 194 1
860 55 1
860 72 1
860 124 1
861 48 1
861 99 1
861 171 1
862 55 2
862 111 1
862 133 1
862 173 1
863 5 1
863 9 1
863 36 1
863 48 1
863 123 1
863 158 1
864 32 1
864 124 1
864 140 1
865 68 1
865 88 1
865 91 1
865 92 1
865 105 1
866 140 1
866 176 1
866 181 1
867 34 1
867 36 1
867 72 1
867 149 1
868 17 1
868 72 1
868 140 1
868 152 1
868 187 2
869 9 1
869 12 1
869 30 1
869 58 1
869 83 1
869 111 1
869 133 1
869 181 1
869 189 1
870 30 1
870 58 1
870 164 1
870 177 1
871 68 1
871 158 1
873 32 1
873 146 1
873 158 1
873 184 1
874 101 1
874 147 1
874 152 1
876 25 1
876 111 1
876 133 1
876 180 1
876 181 1
876 189 1
877 36 1
877 155 1
878 43 1
878 111 1
878 140 1
878 152 1
878 176 1
879 5 1
879 9 1
879 48 1
879 188 1
880 5 1
880 66 1
881 9 1
881 140 1
881 158 1
881 186 1
882 68 1
882 172 1
883 5 1
883 100 1
883 141 1
883 151 1
884 88 1
885 55 1
885 68 1
885 72 1
885 149 1
886 46 1
886 72 1
886 149 1
887 68 1
887 140 1
887 176 1
887 181 1
888 5 1
888 64 2
889 26 1
889 27 1
889 51 1
889 77 1
889 78 1
889 113 1
890 6 1
890 98 1
890 150 1
890 162 1
891 5 1
891 141 1
891 163 1
892 13 1
892 71 1
892 130 1
893 17 1
893 63 1
893 106 1
894 27 1
894 28 1
894 93 1
895 78 1
896 72 1
896 124 1
897 72 1
897 124 1
898 32 1
898 124 1
898 140 1
900 187 1
901 88 1
901 180 1
902 105 1
903 12 1
903 111 1
903 130 1
903 181 1
903 189 1
904 6 1
904 98 1
905 55 1
905 72 1
905 155 1
906 136 1
906 179 1
907 9 1
907 30 1
907 136 1
907 187 1
907 188 1
908 58 1
908 63 1
909 3 1
910 140 1
910 176 1
910 181 1
910 190 1
911 4 1
911 147 1
912 4 1
912 147 1
913 4 1
913 147 1
914 101 1
914 152 1
914 157 1
914 188 1
915 140 1
915 176 1
915 181 1
916 106 1
916 173 1
917 63 1
917 98 1
917 155 1
918 55 1
918 63 1
918 130 1
919 187 1
920 3 1
920 5 1
920 30 1
921 158 1
922 32 1
923 65 1
923 140 1
924 30 1
924 32 1
924 55 1
924 146 1
924 158 1
924 168 1
925 9 1
925 158 1
925 184 1
926 95 1
926 158 1
926 184 1
927 124 1
927 158 1
928 9 1
928 158 1
928 184 1
929 140 1
929 158 1
929 184 1
930 5 1
930 158 1
931 158 1
931 184 1
932 124 1
933 158 1
933 184 1
933 192 1
934 124 1
935 158 1
935 184 1
936 140 1
936 181 1
937 140 1
937 158 1
937 176 1
937 181 1
939 98 1
939 164 1
939 179 1
940 63 1
940 88 1
940 174 1
941 58 1
941 99 1
941 136 1
941 155 1
941 179 1
943 135 1
943 152 1
943 194 1
944 5 1
944 6 1
944 9 1
944 21 1
944 27 1
944 36 1
944 47 1
944 59 1
944 84 1
944 97 3
944 98 2
944 108 1
944 126 2
944 127 1
944 130 1
944 158 1
945 140 1
945 158 1
945 176 1
945 181 1
946 72 1
946 149 1
947 72 1
948 101 1
948 152 1
948 157 1
948 171 1
948 188 1
950 72 1
950 155 1
950 181 1
951 1 1
951 7 1
952 32 1
952 55 1
952 72 1
952 124 1
952 152 1
952 177 1
953 127 1
953 158 1
953 184 1
954 140 1
954 152 1
954 176 1
955 57 1
955 141 1
957 119 1
958 92 1
958 154 1
958 187 1
959 1 2
959 3 2
959 4 2
959 7 1
959 41 1
959 44 1
959 48 1
959 52 1
959 64 1
959 70 1
959 79 1
959 82 1
959 92 1
959 96 1
959 107 1
959 127 1
959 158 1
960 140 1
960 152 1
960 176 1
961 119 1
962 30 1
962 72 1
962 149 1
962 160 1
963 68 1
963 140 1
963 176 1
964 5 1
964 27 1
964 188 1
965 176 1
965 189 1
967 151 1
967 158 1
967 181 1
968 140 1
968 152 1
968 176 1
970 45 1
970 127 1
970 157 1
970 158 1
970 184 1
972 25 1
972 106 1
972 180 1
972 189 1
973 139 1
974 88 1
974 111 1
974 188 1
975 88 1
975 119 2
975 180 3
976 158 1
976 184 1
977 119 1
978 63 1
978 101 1
978 136 1
978 144 1
978 152 1
978 154 1
979 111 1
979 176 1
979 189 1
980 119 2
980 152 1
980 180 2
980 181 1
981 21 2
981 32 1
981 62 1
981 158 2
981 194 3
982 161 1
982 187 3
983 3 1
983 33 1
983 51 1
983 158 1
984 58 1
984 140 1
984 158 1
984 176 1
984 190 1
985 5 1
985 14 1
985 27 2
986 158 1
986 176 1
986 190 1
986 194 1
987 174 1
987 183 1
988 33 1
988 51 1
988 72 1
988 124 1
988 152 1
988 187 1
989 106 1
989 166 1
989 180 1
989 189 1
990 151 1
991 68 1
991 105 1
991 158 1
991 166 1
991 194 3
992 32 1
992 34 1
992 43 1
992 50 1
992 58 2
992 136 3
992 158 3
993 70 1
994 158 1
994 164 1
995 25 1
995 173 1
995 180 1
995 181 1
995 189 1
996 65 1
996 95 1
996 102 1
997 68 1
997 73 1
997 174 1
998 3 1
998 59 1
999 140 1
999 152 1
999 176 1
1000 101 1
1000 152 1
1001 164 1
1002 106 1
1002 158 1
1002 184 1
1003 89 1
1004 89 1
1005 140 1
1005 186 1
1005 187 1
1006 140 1
1006 186 1
1006 187 1
1007 144 1
1007 152 1
1008 140 1
1008 186 1
1008 187 1
1009 30 1
1009 158 1
1009 187 1
1011 55 1
1011 65 1
1011 72 1
1011 124 1
1011 140 1
1011 152 1
1011 176 1
1012 102 1
1012 183 1
1013 68 1
1013 72 1
1013 172 1
1014 58 1
1014 152 1
1014 158 1
1014 174 1
1015 1 1
1015 3 1
1015 22 1
1016 58 1
1016 140 1
1016 158 1
1016 176 1
1016 181 1
1017 140 1
1017 158 1
1017 187 1
1018 140 1
1018 176 1
1018 181 1
1019 58 1
1020 140 1
1020 158 1
1020 184 1
1021 52 1
1022 158 1
1022 184 1
1023 158 1
1023 174 1
1023 187 1
1024 140 1
1024 176 1
1024 181 1
1026 158 1
1026 184 1
1027 60 1
1027 155 1
1027 181 1
1027 183 1
1028 30 1
1028 32 1
1028 168 1
1029 109 1
1029 180 1
1029 181 1
1029 189 1
1030 3 1
1030 5 1
1031 8 1
1031 10 1
1031 20 1
1031 54 1
1031 78 1
1032 158 1
1033 1 1
1033 10 1
1033 71 1
1033 106 1
1034 176 1
1034 187 1
1035 6 1
1035 171 1
1036 26 1
1036 27 1
1037 5 1
1037 46 1
1037 64 1
1037 106 1
1037 150 1
1038 34 1
1038 39 1
1038 55 1
1038 72 1
1039 36 1
1039 55 1
1039 72 1
1039 149 1
1040 27 1
1040 93 1
1040 116 1
1041 5 1
1041 64 1
1042 34 1
1042 55 1
1042 72 1
1042 149 1
1043 25 1
1043 106 1
1043 180 1
1043 181 1
1043 189 1
1044 27 1
1044 28 1
1044 93 1
1044 116 1
1045 83 1
1045 107 1
1045 151 1
1046 158 1
1047 25 1
1047 30 1
1047 83 1
1047 106 1
1047 133 1
1047 180 1
1047 189 1
1048 105 2
1048 123 2
1048 172 2
1049 106 1
1049 175 1
1050 21 1
1050 114 1
1051 91 1
1051 140 1
1051 172 1
1051 175 1
1052 68 1
1052 172 1
1053 43 1
1053 102 1
1053 139 1
1055 143 1
1055 172 1
1056 171 1
1056 172 1
1056 187 1
1057 10 1
1057 30 1
1057 83 1
1057 133 1
1057 140 1
1057 181 1
1058 24 1
1058 83 1
1058 91 1
1058 175 1
1058 187 1
1059 175 1
1060 72 1
1060 149 1
1060 160 1
1061 43 1
1061 105 1
1062 187 1
1063 72 1
1064 41 1
1064 91 1
1064 143 1
1064 155 1
1064 172 1
1064 175 1
1065 46 1
1065 55 1
1065 72 1
1065 149 1
1066 26 1
1066 27 1
1067 171 1
1068 68 1
1068 129 1
1069 26 1
1069 72 1
1069 83 1
1069 149 1
1069 160 1
1070 133 1
1070 140 1
1070 181 1
1071 125 1
1071 194 1
1072 140 1
1072 176 1
1073 2 1
1073 194 1
1075 2 1
1075 5 1
1075 7 1
1075 30 1
1076 140 1
1076 158 1
1076 176 1
1076 181 1
1076 194 1
1077 92 1
1077 121 1
1078 58 1
1078 168 2
1079 92 1
1079 121 1
1079 175 1
1080 92 1
1080 121 1
1081 46 1
1081 55 1
1081 72 1
1082 180 1
1083 116 1
1083 158 1
1083 184 1
1084 32 1
1085 32 1
1085 181 1
1085 189 1
1085 190 1
1086 74 1
1086 164 1
1086 179 2
1087 5 1
1087 64 1
1087 100 1
1087 150 1
1088 3 1
1088 5 1
1089 3 1
1089 9 1
1089 18 1
1089 43 1
1089 47 1
1089 130 1
1090 5 1
1090 66 1
1091 140 1
1091 158 1
1092 4 1
1092 32 1
1092 102 1
1092 179 1
1093 9 1
1094 27 1
1094 93 1
1094 116 1
1095 5 2
1095 11 1
1095 27 1
1095 43 1
1095 49 1
1095 64 1
1096 5 1
1096 6 1
1096 27 1
1096 42 1
1097 44 1
1097 120 1
1097 131 1
1097 161 1
1098 4 1
1099 21 1
1099 92 1
1099 105 1
1100 26 1
1100 55 1
1100 149 1
1100 172 1
1101 106 1
1101 119 1
1101 171 1
1102 69 1
1102 106 1
1102 119 1
1102 139 1
1102 171 1
1103 106 1
1103 119 1
1103 171 1
1105 27 1
1105 96 1
1106 5 1
1106 64 1
1106 150 1
1107 106 1
1107 171 1
1108 57 1
1108 71 1
1108 106 1
1108 163 1
1108 171 1
1109 151 1
1109 162 1
1109 168 1
1110 4 1
1111 32 1
1111 63 1
1111 146 1
1111 192 1
1112 92 1
1113 140 1
1113 155 1
1114 175 1
1115 173 1
1116 76 1
1117 136 1
1118 5 1
1118 9 1
1118 64 1
1119 10 1
1119 17 1
1119 186 1
1120 65 1
1120 123 1
1120 139 1
1120 152 1
1120 158 1
1121 23 1
1121 78 1
1122 50 1
1122 94 1
1123 92 1
1123 105 1
1125 105 1
1126 187 1
1127 3 1
1127 5 1
1127 191 1
1128 158 1
1129 5 2
1129 20 1
1130 3 1
1130 5 5
1130 6 2
1130 7 1
1130 18 1
1130 19 2
1130 32 1
1130 35 2
1130 41 2
1130 44 2
1130 46 2
1130 52 1
1130 56 1
1130 60 1
1130 64 6
1130 66 1
1130 68 1
1130 74 1
1130 82 2
1130 99 1
1130 100 1
1130 122 1
1130 124 1
1130 128 1
1130 141 1
1130 143 1
1130 144 6
1130 151 1
1130 165 3
1130 170 1
1130 183 1
1131 27 1
1131 30 1
1131 78 1
1132 3 1
1132 5 1
1134 32 1
1134 123 1
1134 139 1
1134 140 1
1134 186 1
1135 158 1
1135 184 1
1136 116 1
1136 158 1
1136 184 1
1137 3 1
1137 5 1
1137 10 1
1137 31 1
1137 46 1
1137 131 1
1138 83 1
1139 30 1
1139 75 1
1139 135 1
1139 162 1
1140 4 1
1141 10 1
1141 18 1
1141 171 1
1141 173 1
1142 22 1
1142 32 1
1142 55 2
1142 63 1
1142 133 1
1142 151 1
1143 162 1
1143 179 1
1144 3 1
1144 143 1
1145 16 1
1145 36 1
1145 65 1
1145 140 1
1146 32 1
1146 55 1
1146 63 1
1146 158 1
1147 6 1
1147 46 1
1148 55 1
1148 72 1
1148 190 1
1149 139 1
1150 32 1
1150 39 1
1150 48 1
1151 5 1
1151 27 1
1152 10 1
1152 18 1
1152 27 1
1153 36 1
1153 41 1
1153 88 1
1153 105 1
1154 30 1
1154 158 1
1154 180 2
1155 32 1
1155 55 1
1155 63 1
1156 158 1
1156 184 1
1156 192 1
1157 78 1
1157 118 1
1157 139 1
1157 142 1
1158 154 1
1158 168 1
1158 174 1
1159 55 1
1159 158 1
1159 184 1
1160 43 1
1160 78 1
1161 158 1
1162 55 1
1162 63 1
1163 7 2
1163 9 1
1163 26 1
1163 97 1
1163 125 1
1163 126 1
1163 146 1
1164 27 1
1164 36 1
1164 39 1
1164 158 1
1165 88 1
1165 92 1
1165 111 1
1166 55 1
1166 63 1
1166 140 1
1167 111 1
1167 140 1
1168 55 2
1168 63 2
1169 183 1
1170 69 1
1170 122 1
1170 161 1
1171 63 1
1171 88 1
1171 111 1
1171 192 1
1172 3 1
1172 6 1
1172 21 1
1172 43 1
1172 86 1
1173 101 1
1176 1 2
1176 3 1
1176 6 1
1176 15 1
1176 30 1
1176 42 1
1176 43 1
1176 52 1
1176 73 1
1176 90 1
1176 120 1
1176 127 1
1176 140 3
1176 176 3
1178 55 1
1178 111 1
1178 140 1
1178 171 1
1179 32 1
1179 111 1
1179 171 1
1180 3 1
1180 6 2
1180 9 1
1180 16 1
1180 19 2
1180 22 1
1180 23 1
1180 35 1
1180 59 1
1180 69 1
1180 71 1
1180 126 1
1180 127 2
1180 134 1
1180 148 1
1180 165 1
1181 3 2
1181 5 1
1181 6 4
1181 9 1
1181 10 1
1181 15 1
1181 18 1
1181 19 2
1181 21 1
1181 22 2
1181 23 1
1181 27 1
1181 53 1
1181 59 1
1181 71 1
1181 77 1
1181 82 2
1181 96 1
1181 104 1
1181 127 3
1181 134 2
1181 148 1
1181 165 1
1182 58 1
1182 92 1
1183 55 1
1183 88 1
1184 5 1
1184 64 1
1185 111 1
1185 171 2
1186 125 1
1186 161 1
1187 92 1
1189 140 1
1189 158 1
1189 176 1
1190 88 1
1190 111 1
1191 92 1
1191 158 1
1192 32 1
1192 55 1
1192 88 1
1192 111 1
1193 88 2
1193 111 2
1193 171 1
1194 32 2
1194 55 1
1194 146 1
1195 6 1
1195 116 1
1196 9 1
1196 45 1
1196 63 1
1196 136 1
1197 1 1
1197 3 2
1197 7 1
1197 8 1
1197 17 1
1197 38 1
1197 64 1
1197 78 1
1197 91 2
1197 96 1
1197 146 1
1197 167 1
1198 55 1
1198 111 1
1198 171 2
1199 3 1
1199 5 1
1199 83 1
1199 150 1
1200 21 1
1202 5 1
1202 27 1
1202 83 1
1202 135 1
1203 8 2
1203 29 1
1203 40 1
1203 79 1
1203 88 2
1203 136 2
1203 158 1
1204 78 1
1204 162 1
1205 1 1
1205 3 1
1205 4 1
1205 26 1
1205 27 1
1205 86 1
1206 1 1
1206 3 1
1206 6 1
1206 41 1
1206 42 1
1206 50 1
1206 52 1
1206 70 1
1206 81 1
1206 82 1
1206 99 1
1206 102 1
1206 107 1
1206 108 1
1206 126 1
1206 130 1
1206 151 1
1206 159 1
1207 3 1
1207 6 1
1207 22 1
1207 69 1
1207 156 1
1208 3 1
1208 31 1
1208 59 1
1209 8 1
1210 32 2
1210 150 1
1210 162 1
1210 171 1
1211 5 1
1211 7 1
1211 46 1
1211 131 1
1212 37 1
1212 73 1
1212 78 1
1212 113 1
1213 1 1
1213 3 1
1213 78 1
1214 32 1
1214 55 1
1214 63 1
1214 190 1
1216 135 1
1217 55 2
1217 63 1
1217 168 1
1217 171 1
1218 189 1
1219 3 1
1219 5 1
1219 44 1
1219 59 1
1219 114 1
1220 32 1
1220 55 1
1220 88 1
1220 111 1
1221 5 1
1221 7 1
1221 162 1
1222 15 1
1222 18 1
1222 32 1
1222 46 1
1222 124 1
1223 151 1
1223 164 1
1225 13 1
1225 92 1
1225 140 1
1225 160 1
1225 166 1
1225 168 1
1226 78 1
1226 130 1
1227 6 1
1227 9 1
1227 53 1
1227 54 1
1227 62 1
1227 69 1
1227 78 1
1227 85 1
1227 97 1
1227 110 1
1227 126 1
1227 128 1
1227 130 1
1227 148 1
1228 21 1
1228 126 1
1228 150 1
1228 162 1
1229 48 1
1229 73 1
1230 92 1
1230 105 1
1232 40 1
1232 69 1
1232 108 1
1232 125 1
1232 166 1
1233 51 2
1233 55 1
1233 111 1
1233 133 1
1233 155 1
1233 192 1
1235 32 1
1235 146 1
1235 174 1
1236 158 1
1237 51 1
1237 55 1
1237 133 1
1237 140 1
1237 158 1
1237 181 1
1237 189 1
1237 192 1
1238 9 1
1238 51 3
1238 133 1
1238 155 1
1239 158 1
1239 168 1
1240 1 1
1240 3 1
1240 7 1
1240 10 1
1240 18 1
1241 32 1
1241 53 1
1241 136 1
1241 179 1
1242 55 1
1242 88 1
1242 111 1
1242 171 2
1243 88 1
1243 111 2
1243 171 1
1244 1 1
1244 3 1
1244 4 1
1244 86 1
1245 1 1
1245 3 2
1245 94 1
1246 32 1
1246 55 1
1246 111 1
1246 171 1
1247 5 1
1247 6 1
1247 108 1
1247 147 1
1248 55 1
1248 65 1
1248 72 2
1248 85 1
1248 124 2
1248 125 1
1248 140 2
1248 181 2
1249 12 1
1249 23 1
1249 48 1
1249 124 1
1250 32 2
1250 55 1
1251 32 1
1251 55 1
1251 63 1
1252 55 1
1253 126 1
1255 27 1
1255 78 1
1255 120 1
1256 140 1
1256 158 1
1257 2 1
1257 6 1
1257 116 1
1258 21 1
1258 32 1
1258 53 1
1258 63 1
1258 183 1
1259 102 1
1259 106 1
1260 1 1
1260 3 1
1260 27 2
1260 52 1
1260 69 1
1260 107 1
1261 5 1
1261 141 1
1262 3 1
1262 30 1
1262 78 1
1262 80 1
1262 105 1
1262 110 1
1263 83 1
1263 88 1
1263 179 1
1263 186 1
1264 9 1
1264 32 1
1264 55 2
1264 63 2
1264 68 1
1264 69 1
1264 150 1
1264 158 1
1265 5 1
1265 6 1
1265 141 1
1266 57 1
1266 72 1
1266 140 2
1266 164 2
1266 181 2
1267 9 1
1267 32 1
1267 55 2
1267 158 1
1268 159 1
1269 37 1
1269 41 1
1269 99 1
1269 158 1
1270 58 1
1270 133 1
1270 140 1
1270 168 1
1270 177 1
1270 181 1
1271 111 1
1271 155 1
1271 158 1
1271 168 1
1271 181 1
1271 189 1
1272 1 1
1272 30 1
1272 55 1
1272 58 1
1272 111 1
1272 158 1
1272 168 1
1272 181 1
1272 189 1
1273 78 1
1273 162 1
1274 43 1
1274 105 1
1274 127 1
1274 164 1
1275 1 1
1275 3 1
1275 32 1
1276 18 1
1276 123 1
1277 32 1
1277 146 1
1278 158 1
1278 164 1
1279 32 1
1279 78 1
1279 86 1
1279 135 1
1280 83 1
1280 88 1
1280 140 1
1280 155 1
1280 166 1
1280 171 1
1280 181 1
1281 174 1
1282 23 1
1282 27 2
1282 48 1
1282 52 1
1282 73 1
1282 78 2
1282 91 2
1282 102 2
1282 170 1
1283 150 1
1284 66 1
1284 96 1
1284 171 1
1285 5 1
1285 27 1
1285 116 1
1286 55 1
1286 63 1
1286 171 1
1287 5 1
1287 178 1
1288 9 1
1288 26 1
1288 30 1
1288 32 3
1288 52 1
1288 63 1
1288 77 1
1288 116 1
1288 146 2
1289 111 2
1289 171 2
1290 55 1
1290 111 2
1290 171 3
1291 1 1
1291 3 1
1291 26 1
1291 27 1
1292 55 2
1292 111 1
1292 171 3
1293 55 1
1293 171 1
1294 32 1
1294 55 1
1294 63 1
1294 146 1
1295 55 1
1295 171 1
1296 36 1
1296 98 1
1297 111 2
1297 171 2
1298 22 1
1298 32 1
1298 55 2
1298 63 2
1299 29 1
1299 128 1
1300 22 1
1300 32 2
1300 55 2
1300 63 2
1300 69 1
1300 146 1
1300 168 1
1301 22 1
1301 32 1
1301 55 2
1301 63 3
1301 192 1
1302 29 1
1302 32 1
1302 128 1
1302 146 1
1303 32 1
1303 55 1
1303 58 1
1303 63 2
1303 182 2
1303 192 2
1304 5 1
1304 66 1
1304 100 1
1304 135 1
1305 22 1
1305 55 2
1305 63 1
1305 182 2
1305 192 1
1306 5 1
1306 7 1
1306 46 1
1306 56 1
1306 165 1
1307 32 1
1307 161 3
1307 179 3
1308 114 1
1308 136 1
1308 187 1
1309 171 1
1310 140 1
1310 158 1
1311 32 2
1311 55 2
1311 171 2
1312 63 1
1312 178 1
1312 192 1
1313 1 3
1313 43 1
1313 55 3
1313 92 1
1313 104 1
1313 109 1
1313 130 1
1313 153 1
1313 158 3
1313 173 2
1314 32 1
1314 171 1
1316 22 1
1316 32 1
1316 55 1
1316 69 1
1316 72 1
1317 140 1
1317 158 1
1318 33 1
1318 57 1
1318 64 1
1318 83 2
1319 22 1
1319 32 1
1319 55 2
1319 63 2
1320 2 1
1320 63 1
1321 88 1
1321 158 1
1321 164 1
1322 3 2
1322 7 1
1322 15 1
1322 18 1
1322 19 3
1322 21 1
1322 27 1
1322 29 1
1322 44 1
1322 50 1
1322 59 1
1322 62 1
1322 78 1
1322 94 1
1322 109 1
1322 126 1
1323 55 1
1323 72 1
1323 140 1
1324 2 1
1324 3 2
1324 5 2
1324 9 1
1324 19 1
1324 24 2
1324 40 1
1324 43 1
1324 44 1
1324 50 1
1324 54 1
1324 76 2
1324 77 1
1324 89 1
1324 127 1
1324 162 1
1325 7 1
1325 18 1
1325 59 1
1326 30 1
1326 155 1
1326 177 1
1326 187 1
1326 189 1
1327 58 1
1327 168 1
1329 18 1
1329 31 1
1330 5 1
1330 7 1
1331 5 1
1331 66 1
1331 100 1
1331 151 1
1332 171 1
1332 186 1
1334 5 1
1334 64 1
1334 150 1
1335 15 1
1335 117 1
1335 166 1
1336 1 1
1336 3 1
1336 5 1
1336 147 1
1337 158 1
1337 181 1
1337 189 1
1338 3 1
1338 5 1
1338 64 1
1338 170 1
1339 5 1
1339 66 1
1340 9 1
1341 30 1
1341 58 1
1341 158 1
1342 78 1
1342 96 1
1342 179 1
1343 2 1
1343 4 1
1343 128 1
1343 194 1
1344 106 1
1344 140 2
1344 176 3
1344 189 1
1345 140 1
1345 176 1
1345 181 1
1346 140 1
1346 158 1
1346 167 1
1346 176 1
1347 128 1
1347 158 1
1347 179 1
1347 194 1
1348 63 1
1348 194 1
1349 32 2
1349 182 1
1350 32 1
1350 136 1
1350 139 1
1351 88 1
1351 158 1
1351 164 1
1352 63 1
1352 174 1
1353 158 1
1353 194 1
1354 22 1
1354 83 1
1354 158 1
1354 184 1
1354 192 1
1355 105 1
1355 111 1
1355 140 1
1355 155 1
1355 176 1
1356 32 1
1356 136 1
1357 5 1
1357 66 1
1358 140 2
1358 176 3
1358 189 1
1359 55 1
1360 6 1
1360 55 1
1360 109 1
1360 111 1
1361 140 2
1361 176 3
1361 189 1
1362 92 1
1363 68 1
1363 140 1
1363 181 1
1364 106 1
1364 171 1
1365 10 1
1365 55 1
1365 58 1
1365 133 1
1365 136 1
1365 140 1
1365 158 1
1366 55 1
1366 68 1
1367 136 1
1368 9 1
1368 136 1
1369 32 1
1369 158 1
1369 182 1
1370 136 1
1371 187 1
1372 158 1
1373 32 1
1373 72 1
1373 101 1
1374 83 1
1374 151 1
1375 92 1
1376 9 1
1376 30 2
1376 88 1
1376 111 1
1376 119 2
1376 158 2
1376 180 2
1376 181 2
1376 187 2
1377 77 1
1378 151 1
1379 5 1
1379 83 1
1380 32 1
1380 182 1
1381 2 1
1381 136 1
1382 58 1
1382 158 1
1382 168 1
1383 69 1
1383 111 1
1384 55 1
1384 173 1
1384 180 2
1384 181 1
1384 189 1
1385 30 1
1385 45 1
1385 136 1
1385 159 1
1386 88 1
1386 164 1
1387 2 1
1388 30 1
1388 32 1
1388 55 1
1388 96 1
1389 88 1
1389 136 1
1389 164 1
1391 140 1
1391 180 1
1391 181 1
1391 189 1
1392 3 1
1392 7 1
1392 9 1
1392 18 1
1392 29 1
1392 43 2
1392 54 1
1392 59 1
1392 65 1
1392 78 1
1392 81 1
1392 89 1
1392 109 1
1392 173 1
1392 180 2
1393 168 1
1393 181 1
1393 189 1
1394 136 1
1394 158 1
1395 71 1
1395 123 1
1395 135 1
1395 136 1
1397 5 1
1397 64 1
1397 150 1
1397 171 1
1398 119 1
1398 152 1
1399 5 1
1399 43 1
1399 66 1
1400 4 1
1400 101 1
1400 152 1
1400 157 1
1401 73 1
1401 78 1
1403 7 1
1403 59 1
1403 100 1
1404 21 1
1404 53 1
1404 62 1
1405 1 1
1405 7 1
1406 1 1
1406 3 1
1407 32 1
1407 136 1
1408 7 1
1408 9 1
1408 33 1
1408 60 1
1408 71 1
1408 78 1
1408 173 1
1408 177 1
1408 180 1
1411 1 1
1411 7 1
1411 22 1
1411 59 1
1412 5 1
1412 7 1
1413 2 1
1414 3 1
1414 128 1
1415 4 1
1415 147 1
1417 7 1
1417 59 1
1419 1 1
1419 7 1
1419 32 1
1420 1 1
1420 3 1
1420 5 1
1420 7 2
1420 10 1
1420 135 1
1421 36 1
1421 83 1
1421 101 1
1421 168 1
1421 183 1
1422 3 1
1422 78 1
1423 158 1
1424 158 1
1425 38 1
1425 101 1
1426 98 1
1426 147 1
1427 1 1
1427 3 6
1427 5 2
1427 6 2
1427 7 1
1427 9 3
1427 10 2
1427 16 1
1427 19 3
1427 21 1
1427 24 1
1427 26 1
1427 27 10
1427 30 1
1427 34 1
1427 39 1
1427 40 2
1427 50 1
1427 51 1
1427 54 2
1427 59 2
1427 69 3
1427 70 1
1427 72 1
1427 80 1
1427 82 1
1427 89 3
1427 90 1
1427 104 1
1427 105 2
1427 108 1
1427 110 1
1427 115 3
1427 118 1
1427 120 5
1427 135 1
1427 143 2
1427 145 1
1427 156 1
1427 159 3
1427 160 1
1427 165 4
1427 184 1
1428 3 4
1428 5 1
1428 6 1
1428 7 1
1428 9 2
1428 11 1
1428 15 2
1428 18 1
1428 19 1
1428 21 1
1428 23 2
1428 26 2
1428 27 3
1428 32 1
1428 33 1
1428 37 2
1428 38 1
1428 40 1
1428 42 1
1428 43 1
1428 44 2
1428 48 1
1428 50 1
1428 51 2
1428 52 2
1428 54 1
1428 57 1
1428 59 1
1428 69 1
1428 73 2
1428 87 1
1428 89 1
1428 90 1
1428 104 1
1428 107 1
1428 110 2
1428 116 1
1428 120 2
1428 127 2
1428 130 1
1428 133 1
1428 145 1
1428 163 2
1428 166 1
1429 3 2
1429 5 2
1429 7 1
1429 9 1
1429 11 1
1429 14 1
1429 21 1
1429 27 10
1429 37 3
1429 52 1
1429 59 2
1429 74 1
1429 78 1
1429 87 1
1429 90 1
1429 97 1
1429 105 1
1429 113 1
1429 115 2
1429 120 4
1429 138 1
1429 142 1
1429 153 1
1430 1 1
1430 3 1
1431 32 1
1431 55 1
1431 90 1
1431 182 1
1432 1 1
1432 7 1
1432 22 1
1432 59 1
1432 124 1
1433 124 1
1433 159 1
1434 133 1
1434 155 1
1434 189 1
1435 2 3
1435 4 1
1435 17 1
1435 18 1
1435 39 1
1435 60 1
1435 81 1
1435 92 1
1435 105 1
1435 106 1
1435 158 1
1435 190 1
1436 22 1
1436 32 1
1436 151 1
1436 192 1
1437 119 1
1437 180 1
1437 181 1
1438 34 1
1438 65 1
1438 72 1
1438 189 1
1439 7 1
1439 59 1
1439 126 1
1440 17 1
1441 30 1
1441 78 1
1441 112 1
1442 2 1
1442 4 1
1442 22 2
1442 27 1
1442 106 1
1442 128 2
1442 194 2
1443 78 1
1443 112 1
1443 125 1
1444 78 1
1444 86 1
1446 140 1
1446 155 1
1447 78 1
1447 112 1
1447 125 1
1448 83 2
1448 164 1
1448 171 1
1449 63 1
1449 106 1
1450 1 1
1451 9 1
1451 33 1
1451 51 1
1451 58 1
1451 83 1
1451 102 1
1451 158 1
1451 187 1
1452 92 1
1452 158 1
1453 3 2
1453 18 1
1453 21 2
1453 67 1
1453 110 1
1454 21 1
1456 13 1
1456 112 1
1456 140 1
1456 181 1
1457 60 1
1457 68 1
1457 106 1
1457 171 1
1458 48 1
1458 125 1
1459 55 1
1459 105 1
1459 133 1
1459 140 1
1460 55 1
1460 105 1
1460 133 1
1460 140 1
1460 177 1
1461 1 1
1461 7 1
1462 10 1
1462 133 1
1462 140 1
1463 140 1
1463 155 1
1464 10 1
1464 133 1
1464 140 1
1465 133 1
1465 140 1
1465 177 1
1466 1 1
1466 4 1
1466 7 1
1466 159 1
1467 9 1
1467 78 1
1468 105 1
1468 133 1
1468 140 1
1468 181 1
1469 36 1
1469 72 1
1469 91 1
1470 136 1
1470 166 1
1471 43 1
1473 157 1
1477 10 1
1477 133 1
1477 140 1
1478 16 1
1478 78 1
1479 10 1
1479 133 1
1479 140 1
1481 45 1
1481 158 1
1482 136 1
1482 152 1
1482 158 1
1483 41 1
1483 88 2
1483 138 1
1483 158 1
1483 180 1
1484 41 1
1484 88 2
1484 138 1
1484 158 1
1484 180 1
1485 9 1
1485 66 1
1485 162 1
1486 30 1
1487 95 1
1487 149 1
1488 10 1
1488 133 1
1488 140 1
1489 22 1
1489 182 1
1489 192 1
1490 38 1
1491 22 1
1491 32 1
1491 63 1
1491 192 1
1493 78 1
1493 126 1
1494 83 2
1495 32 1
1495 167 1
1495 194 1
1496 105 1
1497 105 1
1498 105 1
1498 133 1
1498 140 1
1499 32 1
1500 17 1
1502 7 1
1502 9 1
1502 32 2
1502 53 1
1502 158 1
1502 166 1
1502 179 1
1503 140 1
1503 176 1
1503 181 1
1504 45 1
1505 68 1
1505 105 1
1506 36 1
1506 105 1
1507 32 1
1507 58 1
1507 124 1
1507 140 1
1507 168 2
1507 186 1
1509 49 1
1509 152 1
1510 55 1
1510 140 1
1511 136 1
1511 152 1
1511 158 1
1512 136 1
1512 152 1
1512 158 1
1513 78 1
1514 173 3
1515 6 1
1515 114 1
1516 58 1
1518 78 1
1518 139 1
1519 18 1
1519 21 1
1519 71 1
1519 173 1
1519 180 1
1519 189 1
1520 18 1
1520 21 1
1520 71 1
1520 173 1
1520 180 1
1520 189 1
1522 55 1
1522 105 1
1522 133 1
1522 140 1
1523 18 1
1523 30 1
1524 18 1
1524 19 1
1524 36 1
1524 167 1
1526 36 1
1527 25 1
1527 55 1
1528 32 1
1528 88 1
1528 139 1
1528 180 1
1529 32 1
1529 88 1
1529 139 1
1529 180 1
1530 32 1
1530 88 1
1530 139 1
1530 180 1
1531 32 1
1531 88 1
1531 139 1
1531 180 1
1532 32 1
1532 88 1
1532 139 1
1532 180 1
1533 135 1
1533 181 1
1534 18 1
1535 33 1
1536 105 1
1536 133 1
1536 140 1
1536 171 1
1537 16 1
1537 55 1
1538 105 1
1538 133 1
1538 140 1
1539 32 1
1540 32 1
1541 9 1
1542 105 1
1542 133 1
1542 140 1
1544 22 1
1544 55 1
1544 124 1
1545 171 2
1546 105 1
1546 133 1
1546 140 1
1547 25 1
1547 55 1
1548 111 1
1548 173 1
1549 17 1
1549 72 1
1552 30 1
1553 21 1
1554 17 1
1554 32 1
1554 102 1
1555 106 1
1556 135 1
1556 181 1
1557 32 1
1558 9 1
1558 18 1
1558 30 1
1560 12 1
1560 20 1
1560 23 1
1561 12 1
1561 20 1
1561 23 1
1562 12 1
1562 20 1
1562 23 1
1563 12 1
1563 20 1
1563 23 1
1564 55 1
1564 173 1
1564 181 1
1565 72 1
1567 72 1
1568 55 1
1568 105 1
1568 133 1
1568 140 1
1569 72 1
1571 36 1
1572 140 1
1572 179 1
1572 183 1
1572 186 1
1573 68 1
1573 168 1
1573 189 1
1574 55 1
1574 105 1
1574 133 1
1574 140 1
1575 55 1
1575 105 1
1575 133 1
1575 140 1
1576 10 1
1576 30 1
1576 51 2
1576 105 1
1576 111 3
1576 132 1
1576 133 2
1576 140 3
1576 153 1
1576 155 3
1576 181 2
1576 189 3
1577 55 1
1577 105 1
1577 133 1
1577 140 1
1578 133 1
1578 140 1
1578 181 1
1579 9 1
1579 72 1
1580 10 1
1580 133 1
1580 140 1
1581 55 1
1582 78 1
1582 124 1
1582 141 1
1583 147 1
1584 106 1
1584 128 1
1585 32 1
1585 63 1
1585 192 1
1586 36 1
1586 158 1
1587 10 2
1587 40 1
1587 51 1
1587 55 1
1587 140 4
1587 153 1
1587 155 1
1587 180 2
1587 181 3
1587 189 2
1588 36 1
1589 149 1
1590 26 1
1590 30 1
1590 43 2
1590 51 1
1590 69 1
1590 111 2
1590 132 1
1590 133 2
1590 142 1
1590 155 2
1590 181 2
1590 189 2
1591 9 1
1591 72 1
1592 55 1
1592 105 1
1592 133 1
1592 140 1
1593 32 1
1593 40 1
1593 57 1
1594 17 1
1594 40 1
1594 140 1
1595 55 1
1596 55 1
1596 105 1
1596 133 1
1596 136 1
1596 140 1
1597 10 1
1597 55 1
1597 133 1
1597 140 1
1598 55 1
1598 105 1
1598 133 1
1598 136 1
1598 140 1
1598 177 1
1600 36 1
1600 158 1
1601 63 1
1602 21 1
1602 151 1
1602 190 1
1603 55 1
1603 151 1
1603 168 1
1604 32 1
1604 72 1
1604 192 1
1605 9 1
1605 18 1
1605 93 1
1605 167 1
1606 106 1
1607 129 1
1608 10 1
1608 32 1
1609 53 1
1609 179 1
1610 63 1
1610 140 1
1611 1 1
1611 22 1
1611 63 1
1612 158 1
1613 58 1
1613 158 1
1614 28 1
1614 106 1
1614 126 1
1614 171 1
1615 89 1
1615 106 1
1615 140 1
1615 155 1
1616 119 2
1617 140 1
1617 186 1
1618 55 1
1618 180 1
1618 189 1
1619 1 3
1619 3 4
1619 7 2
1619 8 1
1619 9 3
1619 10 1
1619 15 1
1619 18 1
1619 22 2
1619 23 1
1619 39 1
1619 43 2
1619 46 1
1619 50 1
1619 57 1
1619 69 2
1619 77 1
1619 85 3
1619 89 2
1619 99 1
1619 108 1
1619 110 1
1619 126 1
1619 134 1
1619 140 1
1619 146 1
1619 148 1
1619 156 1
1619 176 1
1620 32 1
1621 6 1
1621 140 1
1621 186 1
1622 24 1
1622 68 1
1623 10 1
1623 65 1
1623 76 1
1623 83 1
1623 133 1
1623 140 1
1623 187 1
1624 119 1
1625 18 1
1627 21 1
1627 55 1
1627 72 1
1627 177 1
1628 33 1
1629 21 1
1629 22 1
1629 124 1
1630 157 1
1631 105 1
1632 140 1
1632 158 1
1632 187 1
1633 1 1
1633 7 1
1633 54 1
1633 117 1
1634 140 1
1634 158 1
1634 187 1
1635 43 1
1635 68 2
1635 80 1
1635 181 1
1635 189 1
1636 3 3
1636 7 1
1636 8 1
1636 11 2
1636 12 1
1636 14 1
1636 17 2
1636 18 1
1636 44 2
1636 50 1
1636 51 1
1636 52 1
1636 63 1
1636 69 1
1636 74 1
1636 76 1
1636 82 1
1636 87 1
1636 90 2
1636 92 4
1636 95 1
1636 97 1
1636 104 1
1636 110 4
1636 115 2
1636 117 2
1636 121 1
1636 127 3
1636 138 1
1636 153 1
1636 155 1
1636 156 2
1636 163 1
1636 166 1
1636 167 2
1637 5 1
1637 32 1
1637 38 1
1637 52 2
1637 70 1
1637 90 1
1637 113 1
1637 131 2
1637 157 2
1638 5 1
1638 22 1
1638 95 1
1639 5 2
1639 6 1
1639 57 1
1640 5 1
1640 10 1
1641 3 2
1641 5 3
1641 18 1
1641 23 2
1641 37 1
1641 41 1
1641 43 2
1641 44 1
1641 59 1
1641 64 1
1641 66 1
1641 71 1
1641 79 1
1641 89 2
1641 93 1
1641 105 1
1641 108 1
1641 126 2
1641 129 3
1641 139 1
1641 140 1
1641 145 4
1641 153 1
1641 180 1
1641 190 1
1642 3 1
1642 5 1
1643 3 1
1643 5 1
1643 83 1
1643 141 1
1644 5 1
1644 27 1
1644 127 1
1645 22 1
1645 160 1
1646 3 1
1646 5 1
1647 5 1
1648 3 1
1648 5 1
1648 141 1
1649 3 3
1649 5 3
1649 10 1
1649 14 1
1649 21 1
1649 54 3
1649 84 1
1649 91 1
1649 118 1
1649 130 1
1649 159 1
1649 163 1
1650 64 1
1650 170 1
1651 5 1
1651 10 2
1651 12 1
1651 23 1
1651 27 1
1651 30 2
1651 93 1
1651 130 1
1652 3 1
1652 5 1
1652 28 1
1652 40 1
1652 89 1
1653 5 1
1654 7 1
1654 59 1
1655 3 1
1655 5 1
1655 26 1
1655 87 1
1656 3 4
1656 5 3
1656 26 1
1656 87 1
1656 134 1
1657 7 1
1657 59 1
1658 1 1
1658 3 5
1658 5 4
1658 6 1
1658 7 1
1658 8 1
1658 10 2
1658 13 1
1658 43 1
1658 46 2
1658 49 1
1658 50 1
1658 54 1
1658 66 1
1658 82 2
1658 89 1
1658 90 1
1658 106 2
1658 121 2
1658 123 1
1658 126 1
1658 138 1
1658 148 1
1658 167 1
1659 5 1
1661 2 1
1661 3 7
1661 5 4
1661 6 5
1661 7 2
1661 9 4
1661 10 2
1661 12 2
1661 13 2
1661 14 1
1661 15 4
1661 17 1
1661 18 4
1661 23 1
1661 24 4
1661 26 1
1661 27 12
1661 28 1
1661 31 1
1661 34 1
1661 35 1
1661 36 8
1661 39 1
1661 40 2
1661 41 1
1661 42 2
1661 43 4
1661 44 1
1661 45 1
1661 46 1
1661 50 3
1661 51 2
1661 52 2
1661 53 2
1661 54 3
1661 55 1
1661 56 1
1661 57 2
1661 61 1
1661 62 1
1661 64 1
1661 68 3
1661 69 3
1661 70 1
1661 72 1
1661 75 2
1661 77 2
1661 80 1
1661 83 1
1661 84 1
1661 85 1
1661 86 2
1661 89 4
1661 90 4
1661 91 4
1661 92 1
1661 93 2
1661 95 1
1661 97 12
1661 99 2
1661 115 3
1661 117 1
1661 127 9
1661 130 6
1661 133 1
1661 138 2
1661 140 6
1661 142 1
1661 146 1
1661 148 1
1661 153 1
1661 155 2
1661 156 2
1661 157 16
1661 158 1
1661 159 1
1661 165 3
1661 179 1
1661 182 1
1662 4 1
1662 5 1
1662 18 1
1662 27 1
1662 37 2
1662 50 1
1662 83 1
1662 120 1
1662 171 2
1663 1 1
1663 3 9
1663 5 4
1663 7 1
1663 9 1
1663 10 1
1663 12 1
1663 14 2
1663 18 1
1663 19 4
1663 21 1
1663 23 4
1663 26 2
1663 27 1
1663 33 1
1663 35 1
1663 40 1
1663 41 2
1663 42 1
1663 46 1
1663 50 3
1663 51 1
1663 52 2
1663 57 1
1663 59 1
1663 65 1
1663 73 2
1663 75 1
1663 77 1
1663 80 1
1663 82 2
1663 84 1
1663 90 1
1663 95 1
1663 101 1
1663 102 1
1663 109 1
1663 110 2
1663 129 1
1663 130 1
1663 142 1
1663 145 2
1663 147 3
1663 148 1
1663 165 1
1663 166 2
1663 178 3
1664 5 2
1664 6 2
1664 9 3
1664 26 1
1664 27 4
1664 29 1
1664 48 2
1664 51 1
1664 56 1
1664 59 1
1664 69 1
1664 70 1
1664 74 3
1664 83 3
1664 85 1
1664 104 1
1664 134 1
1664 169 3
1665 5 3
1665 22 1
1665 27 3
1665 32 1
1665 36 1
1665 41 3
1665 46 1
1665 50 1
1665 69 1
1665 96 1
1665 106 1
1665 108 1
1665 109 1
1665 126 1
1665 134 1
1665 142 1
1665 158 1
1666 3 1
1666 36 1
1666 48 1
1666 59 1
1666 125 1
1666 132 1
1666 149 1
1667 5 1
1667 66 1
1668 5 2
1668 20 1
1668 123 1
1669 3 4
1669 5 4
1669 44 1
1669 64 1
1669 83 3
1669 90 1
1669 96 1
1669 103 2
1669 117 1
1669 169 1
1669 170 1
1670 1 1
1670 2 1
1670 3 1
1671 2 1
1671 3 1
1671 5 4
1671 8 1
1671 10 1
1671 12 1
1671 27 1
1671 52 1
1671 54 1
1671 62 1
1671 66 2
1671 69 1
1671 71 1
1671 77 2
1671 85 1
1671 94 1
1671 130 2
1671 142 2
1671 151 1
1671 162 1
1671 163 1
1672 124 1
1672 140 1
1672 186 1
1673 5 1
1673 7 1
1674 3 2
1674 5 2
1674 6 1
1674 7 1
1674 19 1
1674 41 2
1674 46 1
1674 59 1
1674 76 1
1674 77 2
1674 117 1
1674 134 1
1674 144 2
1675 5 1
1675 26 1
1675 27 1
1675 97 1
1676 8 1
1676 14 1
1676 24 1
1676 45 1
1676 47 1
1676 54 1
1676 65 2
1676 81 5
1676 98 1
1676 102 1
1676 103 1
1676 104 2
1676 107 1
1676 121 1
1676 145 1
1676 151 1
1676 157 1
1677 5 1
1677 37 1
1677 48 2
1677 171 1
1678 5 2
1678 48 2
1678 70 1
1678 129 1
1679 3 1
1679 5 1
1679 19 1
1679 30 1
1679 32 1
1679 41 1
1679 55 1
1679 84 1
1679 92 3
1679 160 1
1679 163 1
1679 164 2
1679 179 1
1680 3 1
1680 5 4
1680 8 1
1680 22 1
1680 43 1
1680 64 1
1680 66 4
1680 87 1
1680 89 1
1680 90 1
1680 116 1
1680 118 1
1680 127 1
1680 159 1
1680 163 1
1681 5 1
1681 48 2
1681 83 1
1681 171 1
1681 178 1
1682 3 2
1682 5 3
1682 6 2
1682 7 1
1682 19 1
1682 27 3
1682 41 1
1682 42 1
1682 50 1
1682 108 1
1682 110 1
1682 130 2
1682 138 1
1682 142 1
1683 5 1
1683 48 2
1683 147 1
1683 178 1
1684 2 1
1684 5 1
1684 37 1
1684 48 2
1684 185 1
1685 3 1
1685 5 1
1685 43 1
1685 59 1
1685 69 1
1685 104 1
1685 122 1
1686 5 1
1686 48 2
1687 5 3
1687 6 1
1687 15 1
1687 19 2
1687 31 1
1687 33 1
1687 52 1
1687 64 4
1687 75 2
1687 83 1
1687 95 1
1687 97 1
1687 142 1
1687 153 1
1688 3 1
1688 5 1
1689 5 1
1689 66 1
1690 3 4
1690 4 1
1690 5 4
1690 6 1
1690 7 3
1690 10 2
1690 16 1
1690 18 1
1690 22 1
1690 23 1
1690 30 2
1690 39 2
1690 42 1
1690 46 1
1690 53 1
1690 54 1
1690 55 1
1690 59 1
1690 60 1
1690 64 1
1690 67 1
1690 69 2
1690 74 1
1690 79 1
1690 83 4
1690 89 2
1690 99 1
1690 104 1
1690 121 3
1690 122 1
1690 126 1
1690 135 3
1690 143 1
1690 144 1
1690 147 1
1690 151 1
1690 158 1
1690 163 1
1690 169 3
1690 176 1
1690 178 1
1691 5 1
1691 37 2
1691 48 2
1691 185 1
1692 5 1
1692 9 1
1692 12 1
1692 38 1
1692 47 1
1692 50 1
1692 84 1
1692 113 1
1692 128 1
1692 142 1
1692 160 1
1693 5 1
1693 37 1
1693 48 2
1694 5 1
1694 48 2
1694 63 1
1695 5 1
1695 64 1
1695 100 1
1695 106 1
1695 150 1
1696 1 2
1696 3 3
1696 5 3
1696 6 3
1696 7 4
1696 10 3
1696 12 1
1696 15 1
1696 17 1
1696 32 2
1696 34 1
1696 40 1
1696 41 1
1696 42 2
1696 43 4
1696 53 3
1696 54 1
1696 66 1
1696 67 3
1696 77 2
1696 79 2
1696 81 2
1696 82 2
1696 87 2
1696 90 1
1696 102 1
1696 104 1
1696 107 1
1696 112 2
1696 118 3
1696 135 3
1696 143 3
1696 145 1
1696 148 1
1696 150 1
1696 151 2
1696 162 1
1696 179 2
1696 180 1
1697 3 1
1697 5 1
1697 43 1
1697 59 1
1697 69 1
1697 104 1
1697 122 1
1698 10 1
1698 69 1
1699 5 1
1699 6 2
1699 12 1
1699 22 1
1699 28 1
1699 37 2
1699 41 2
1699 42 2
1699 44 1
1699 52 2
1699 56 1
1699 74 1
1699 82 1
1699 107 1
1699 126 1
1699 132 1
1699 147 2
1699 154 2
1699 160 2
1700 7 1
1700 89 1
1701 1 3
1701 2 1
1701 3 13
1701 4 1
1701 5 20
1701 6 3
1701 7 2
1701 8 1
1701 9 2
1701 16 1
1701 18 3
1701 20 1
1701 22 1
1701 24 2
1701 26 5
1701 27 5
1701 30 1
1701 37 1
1701 41 7
1701 42 2
1701 43 1
1701 44 2
1701 46 1
1701 54 1
1701 59 1
1701 62 1
1701 64 4
1701 66 2
1701 69 1
1701 71 1
1701 83 1
1701 89 1
1701 113 1
1701 114 2
1701 120 2
1701 122 2
1701 125 2
1701 128 1
1701 151 1
1701 161 1
1701 163 1
1701 167 1
1701 169 1
1702 5 1
1702 37 1
1702 48 2
1702 185 1
1703 5 1
1703 48 2
1703 63 1
1704 3 2
1704 5 1
1705 5 1
1705 37 1
1705 42 1
1705 48 2
1705 61 1
1706 5 1
1706 37 1
1706 42 1
1706 48 2
1706 61 1
1707 3 1
1707 5 1
1708 42 1
1708 52 1
1708 61 1
1708 64 1
1709 5 1
1709 37 1
1709 48 2
1709 185 1
1710 5 1
1710 37 1
1710 48 2
1710 147 1
1711 5 1
1711 37 1
1711 48 2
1712 4 1
1712 5 1
1712 48 2
1712 178 1
1713 5 2
1713 19 1
1713 27 1
1713 37 1
1713 42 1
1713 48 2
1713 61 1
1713 145 1
1714 18 1
1714 64 1
1714 114 1
1714 128 1
1714 171 1
1715 3 2
1715 4 2
1715 5 4
1715 9 4
1715 14 1
1715 32 1
1715 34 1
1715 50 1
1715 52 1
1715 56 1
1715 65 1
1715 66 2
1715 69 1
1715 72 1
1715 146 1
1715 153 1
1715 166 2
1716 5 2
1716 37 1
1716 42 1
1716 46 1
1716 48 2
1716 61 1
1716 83 1
1716 113 1
1717 3 1
1717 5 1
1717 6 1
1717 9 1
1717 28 1
1717 42 1
1717 48 1
1717 49 1
1717 52 1
1717 81 1
1717 83 1
1717 99 1
1717 104 1
1717 125 1
1717 130 1
1717 132 1
1717 169 1
1718 3 2
1718 5 2
1718 28 1
1718 32 1
1718 45 2
1718 46 1
1718 48 1
1718 64 1
1718 80 1
1718 83 2
1718 105 1
1718 126 1
1718 132 1
1718 157 2
1718 169 2
1719 2 1
1719 140 1
1720 5 1
1720 48 2
1720 178 1
1721 5 1
1721 37 1
1721 48 2
1722 5 1
1722 64 1
1723 1 2
1723 3 14
1723 5 6
1723 6 7
1723 7 2
1723 8 1
1723 10 1
1723 11 2
1723 12 2
1723 14 1
1723 18 1
1723 22 3
1723 27 2
1723 37 10
1723 38 1
1723 41 1
1723 42 1
1723 43 4
1723 44 1
1723 46 1
1723 50 1
1723 51 2
1723 53 2
1723 54 3
1723 57 1
1723 62 1
1723 64 5
1723 67 1
1723 68 1
1723 70 1
1723 77 3
1723 82 2
1723 83 2
1723 84 1
1723 85 2
1723 89 1
1723 90 2
1723 94 2
1723 96 1
1723 97 4
1723 103 1
1723 106 1
1723 112 1
1723 118 2
1723 121 3
1723 123 1
1723 128 1
1723 129 1
1723 130 1
1723 135 1
1723 138 1
1723 141 1
1723 143 5
1723 151 1
1723 154 2
1723 162 1
1723 169 2
1723 178 1
1723 182 1
1723 183 1
1724 5 1
1724 37 1
1724 48 2
1724 185 1
1725 5 1
1725 10 1
1725 66 1
1725 67 1
1726 9 1
1726 43 1
1727 5 1
1727 37 2
1727 42 1
1727 46 1
1727 48 2
1727 61 1
1727 185 1
1728 3 4
1728 5 2
1728 28 1
1728 33 1
1728 37 2
1728 41 1
1728 43 1
1728 47 1
1728 48 2
1728 49 1
1728 52 1
1728 53 1
1728 64 2
1728 115 1
1728 126 1
1728 127 1
1728 132 1
1728 183 1
1729 5 1
1729 37 1
1729 48 2
1730 5 1
1730 74 2
1730 75 1
1730 90 1
1730 104 1
1730 107 1
1730 122 1
1730 171 1
1731 5 1
1731 37 1
1731 48 2
1731 185 1
1732 3 1
1732 7 1
1732 17 1
1732 21 1
1732 26 1
1732 27 1
1732 28 2
1732 37 4
1732 38 2
1732 41 1
1732 47 2
1732 53 1
1732 69 1
1732 79 1
1732 82 2
1732 87 1
1732 96 1
1732 112 1
1732 114 1
1732 115 1
1732 116 1
1732 120 1
1732 123 2
1732 125 1
1732 129 1
1732 138 1
1732 145 6
1732 147 3
1732 150 1
1732 152 1
1732 178 1
1732 190 1
1733 3 1
1733 5 1
1733 48 1
1733 67 1
1734 5 1
1734 6 1
1734 7 1
1734 12 1
1734 21 2
1734 28 1
1734 36 1
1734 42 2
1734 46 1
1734 48 1
1734 52 1
1734 53 1
1734 61 1
1734 87 1
1734 100 1
1734 111 1
1734 113 1
1734 161 2
1735 5 1
1735 48 2
1735 102 1
1736 103 1
1737 5 1
1737 37 1
1737 48 2
1737 185 1
1738 5 1
1738 64 1
1738 100 1
1738 123 1
1738 145 1
1739 5 1
1739 64 1
1740 5 1
1740 44 1
1740 66 1
1740 86 1
1740 162 1
1741 5 1
1741 37 1
1741 48 2
1741 185 1
1742 5 1
1742 37 1
1742 42 1
1742 48 2
1742 61 1
1742 183 1
1743 5 1
1743 37 1
1743 48 2
1744 5 1
1744 27 1
1745 5 1
1745 37 1
1745 48 2
1746 3 1
1746 5 1
1746 6 1
1746 7 1
1746 9 1
1746 28 1
1746 39 1
1746 42 1
1746 45 2
1746 48 1
1746 52 1
1746 64 1
1746 67 1
1746 75 1
1746 82 1
1746 83 5
1746 85 1
1746 86 1
1746 97 1
1746 99 1
1746 113 1
1746 118 1
1746 124 1
1746 125 2
1746 128 1
1746 129 1
1746 132 1
1746 138 1
1746 139 1
1746 145 1
1746 153 2
1746 163 1
1746 169 3
1747 5 1
1747 37 1
1747 48 2
1748 5 1
1748 7 1
1748 103 1
1749 5 1
1749 37 1
1749 42 1
1749 48 2
1749 61 1
1750 5 1
1750 48 2
1750 114 1
1750 171 1
1751 5 1
1751 7 1
1751 19 1
1751 50 1
1751 118 1
1751 121 1
1751 164 1
1752 5 1
1752 19 1
1752 50 1
1752 66 1
1752 118 1
1752 121 1
1752 164 1
1753 5 1
1753 7 2
1753 41 1
1753 59 1
1753 66 1
1753 97 1
1753 102 1
1753 154 1
1754 2 1
1754 3 1
1754 5 1
1754 11 1
1754 44 1
1754 66 1
1754 70 1
1754 93 1
1754 95 1
1754 97 1
1754 110 1
1754 166 1
1755 5 1
1755 48 2
1755 147 1
1755 178 1
1756 5 1
1756 9 3
1756 12 1
1756 21 1
1756 32 1
1756 38 2
1756 45 1
1756 53 1
1756 56 1
1756 81 1
1756 98 1
1756 157 1
1757 64 1
1757 170 1
1758 5 1
1758 64 1
1758 170 1
1759 5 1
1759 64 1
1760 5 6
1760 11 2
1760 13 1
1760 19 4
1760 22 1
1760 24 1
1760 27 3
1760 36 1
1760 41 1
1760 52 2
1760 53 2
1760 66 1
1760 90 1
1760 95 1
1760 107 3
1760 108 1
1760 113 1
1760 144 1
1760 149 1
1760 192 1
1761 3 1
1761 5 1
1761 123 1
1762 5 1
1762 48 2
1762 185 1
1763 5 1
1763 66 1
1763 100 1
1763 135 1
1764 3 1
1764 59 1
1765 5 1
1765 10 1
1765 64 1
1765 103 1
1766 5 1
1766 48 2
1766 147 1
1766 178 1
1767 5 2
1767 37 1
1767 46 1
1767 48 2
1768 5 1
1768 37 1
1768 48 2
1768 185 1
1769 3 1
1769 5 1
1770 5 1
1770 37 1
1770 48 2
1771 5 1
1771 28 1
1771 48 2
1771 49 1
1771 52 1
1771 53 1
1771 62 1
1771 64 1
1771 77 1
1771 80 1
1771 83 2
1771 95 1
1771 104 1
1771 107 1
1771 110 1
1771 125 1
1771 132 1
1771 169 2
1772 7 1
1772 10 1
1772 31 1
1772 46 1
1772 59 1
1772 131 1
1773 5 1
1773 64 1
1774 10 1
1774 64 1
1775 5 2
1775 9 1
1775 10 1
1775 64 1
1775 99 1
1775 131 1
1776 5 1
1776 37 1
1776 42 1
1776 48 2
1776 61 1
1777 3 1
1777 59 1
1777 71 1
1778 5 1
1778 77 1
1779 5 2
1779 48 2
1779 64 1
1779 80 1
1779 146 1
1779 179 1
1780 27 1
1781 5 1
1781 37 1
1781 48 2
1781 185 1
1782 3 1
1782 5 1
1782 7 1
1782 9 2
1782 10 1
1782 22 3
1782 24 5
1782 26 2
1782 40 1
1782 50 3
1782 52 1
1782 54 1
1782 59 2
1782 66 1
1782 70 1
1782 73 1
1782 85 1
1782 87 2
1782 90 2
1782 95 2
1782 96 1
1782 104 1
1782 105 1
1782 110 2
1782 126 1
1782 134 4
1782 142 1
1783 5 1
1783 48 2
1783 147 1
1783 178 1
1784 2 1
1784 5 1
1784 6 1
1784 9 1
1784 18 1
1784 26 1
1784 27 1
1784 28 1
1784 36 1
1784 42 1
1784 46 1
1784 48 1
1784 52 1
1784 56 1
1784 64 1
1784 73 1
1784 74 1
1784 83 2
1784 93 1
1784 99 2
1784 102 7
1784 114 1
1784 169 2
1785 3 1
1785 5 3
1785 7 1
1785 9 1
1785 14 1
1785 15 1
1785 28 1
1785 42 2
1785 46 1
1785 48 1
1785 49 1
1785 52 1
1785 61 2
1785 64 5
1785 65 1
1785 69 1
1785 80 1
1785 82 1
1785 83 4
1785 87 1
1785 97 1
1785 102 1
1785 103 2
1785 108 1
1785 112 1
1785 125 1
1785 131 1
1785 169 4
1785 176 1
1786 5 1
1786 37 1
1786 48 2
1787 5 1
1787 48 2
1787 63 1
1788 5 1
1788 48 2
1789 79 1
1789 126 1
1790 1 1
1790 3 1
1790 29 1
1790 30 1
1791 5 1
1791 98 1
1791 99 1
1791 177 1
1792 5 1
1792 98 1
1792 99 1
1792 148 1
1792 158 1
1792 183 1
1793 5 1
1793 48 2
1793 171 1
1793 178 1
1794 5 1
1794 9 1
1794 123 1
1795 5 1
1795 7 1
1795 9 1
1795 64 1
1796 4 1
1796 13 1
1796 19 1
1796 28 1
1796 31 1
1796 37 1
1796 39 1
1796 42 1
1796 43 1
1796 46 1
1796 47 2
1796 52 3
1796 53 2
1796 56 3
1796 60 2
1796 69 3
1796 77 1
1796 79 1
1796 82 1
1796 83 3
1796 85 1
1796 90 2
1796 91 1
1796 94 1
1796 104 1
1796 109 1
1796 117 1
1796 123 4
1796 130 1
1796 140 1
1796 142 2
1796 156 2
1796 163 1
1796 169 3
1797 5 1
1797 101 1
1797 158 1
1797 177 1
1798 5 1
1798 36 1
1798 148 1
1798 158 1
1798 179 1
1799 5 1
1799 37 2
1799 42 1
1799 48 2
1799 61 1
1799 92 1
1799 185 1
1800 5 1
1800 7 1
1800 10 1
1800 12 1
1800 19 1
1800 34 1
1800 35 1
1800 41 1
1800 43 1
1800 48 1
1800 53 3
1800 56 2
1800 75 1
1800 82 1
1800 84 1
1800 96 1
1800 105 1
1800 115 1
1800 153 1
1800 163 1
1801 3 3
1801 5 1
1801 9 1
1801 28 1
1801 48 1
1801 52 1
1801 64 1
1801 83 1
1801 88 1
1801 97 1
1801 125 1
1801 127 1
1801 132 1
1801 169 1
1802 5 1
1802 37 1
1802 48 2
1802 171 1
1803 5 1
1803 101 1
1803 158 1
1803 177 1
1804 5 1
1804 101 1
1804 158 1
1804 177 1
1805 64 1
1805 170 1
1806 98 2
1806 99 1
1806 124 1
1806 177 1
1807 5 1
1807 32 1
1808 7 1
1808 59 1
1808 83 1
1808 135 1
1809 5 1
1809 48 2
1809 63 1
1810 5 1
1810 100 1
1811 5 1
1811 37 1
1811 48 2
1811 64 1
1812 5 1
1812 158 1
1813 5 2
1813 7 1
1813 27 2
1813 41 1
1813 75 1
1814 36 1
1814 141 1
1814 170 1
1815 5 1
1815 37 1
1815 42 1
1815 48 2
1815 61 1
1816 5 1
1816 6 1
1816 9 2
1816 12 1
1816 42 1
1816 52 1
1816 53 1
1816 70 1
1816 84 1
1816 91 1
1816 141 1
1817 5 1
1817 83 1
1817 98 1
1817 99 1
1817 144 1
1818 5 1
1818 6 1
1818 7 1
1818 8 1
1818 9 4
1818 10 1
1818 23 1
1818 25 2
1818 27 1
1818 28 1
1818 40 1
1818 48 2
1818 52 1
1818 69 2
1818 83 2
1818 89 2
1818 97 2
1818 107 1
1818 116 1
1818 126 1
1818 130 1
1818 146 2
1818 167 2
1818 169 2
1819 1 1
1819 3 1
1819 5 1
1819 48 2
1819 83 1
1819 103 1
1819 121 1
1820 5 1
1820 48 2
1820 178 1
1821 5 1
1821 37 1
1821 48 2
1822 7 1
1822 22 1
1822 27 1
1822 29 1
1822 59 1
1823 7 1
1823 10 1
1823 31 1
1823 46 1
1823 59 1
1823 131 1
1824 5 1
1824 7 1
1825 3 1
1825 5 1
1826 5 1
1826 23 1
1826 26 1
1826 69 2
1826 156 2
1826 170 1
1827 5 1
1827 9 1
1827 18 1
1827 83 1
1828 64 1
1828 170 1
1829 5 1
1829 44 1
1829 64 1
1829 150 1
1831 3 4
1831 5 3
1831 7 1
1831 19 2
1831 21 1
1831 26 1
1831 35 1
1831 38 1
1831 50 1
1831 52 1
1831 62 1
1831 97 1
1831 125 1
1831 135 1
1832 3 1
1832 5 4
1832 6 1
1832 13 1
1832 15 2
1832 16 1
1832 20 2
1832 23 2
1832 26 1
1832 50 1
1832 52 1
1832 54 1
1832 62 1
1832 66 2
1832 69 2
1832 70 1
1832 104 1
1832 108 1
1832 117 1
1832 149 1
1832 161 1
1832 165 1
1833 64 1
1833 187 1
1834 3 1
1834 5 2
1834 6 1
1834 7 1
1834 12 3
1834 24 2
1834 27 2
1834 35 1
1834 37 1
1834 41 1
1834 42 1
1834 46 1
1834 50 1
1834 84 1
1834 118 1
1834 127 2
1834 134 1
1834 143 3
1834 147 1
1834 156 1
1835 5 1
1835 7 2
1835 59 2
1835 83 2
1835 97 1
1835 117 1
1835 126 1
1835 169 2
1836 3 1
1836 5 1
1836 12 1
1836 26 1
1836 125 1
1836 161 1
1837 5 1
1837 37 1
1837 69 1
1837 104 1
1838 5 1
1839 5 2
1839 83 2
1839 169 2
1840 5 1
1840 32 1
1840 90 1
1840 91 1
1841 12 1
1841 83 1
1842 5 2
1842 26 1
1842 37 1
1842 41 1
1842 48 2
1842 109 1
1842 128 1
1843 5 1
1843 26 1
1843 41 1
1843 48 2
1843 109 1
1843 147 1
1843 178 1
1844 5 2
1844 26 1
1844 41 1
1844 48 2
1844 83 1
1844 93 1
1844 109 1
1844 114 1
1844 160 1
1844 178 1
1845 5 2
1845 26 1
1845 41 1
1845 48 2
1845 109 1
1845 161 1
1845 171 1
1845 178 1
1846 67 1
1846 124 1
1847 5 3
1847 26 1
1847 37 1
1847 41 1
1847 48 2
1847 109 1
1847 128 1
1847 183 1
1848 5 1
1848 26 1
1848 41 1
1848 42 1
1848 48 2
1848 61 1
1848 109 1
1848 178 1
1849 5 2
1849 26 1
1849 37 1
1849 41 1
1849 48 2
1849 103 1
1849 109 1
1849 128 1
1850 5 1
1850 38 1
1850 64 1
1850 100 1
1850 123 1
1850 135 1
1850 147 1
1851 5 1
1851 26 1
1851 37 1
1851 41 1
1851 42 1
1851 48 2
1851 61 1
1851 109 1
1852 3 1
1852 5 4
1852 7 1
1852 43 2
1852 49 1
1852 64 1
1852 66 1
1852 68 2
1852 100 1
1852 106 2
1852 123 1
1852 124 1
1852 127 1
1852 143 1
1852 152 1
1852 159 1
1852 164 1
1852 170 1
1852 176 1
1853 3 1
1853 5 1
1853 191 1
1854 5 1
1854 26 1
1854 41 1
1854 48 2
1854 81 1
1854 109 1
1855 5 1
1855 26 1
1855 37 1
1855 41 1
1855 48 2
1855 109 1
1856 5 1
1856 64 2
1856 100 1
1857 5 1
1857 26 1
1857 41 1
1857 42 1
1857 48 2
1857 61 1
1857 109 1
1857 178 1
1858 3 1
1858 5 1
1859 15 1
1859 70 2
1859 128 1
1859 129 1
1859 166 1
1860 3 1
1860 5 1
1860 64 1
1860 170 1
1861 3 1
1861 5 1
1861 10 1
1861 19 3
1861 30 2
1861 50 1
1861 53 1
1861 62 1
1861 90 1
1861 144 1
1861 145 1
1861 147 5
1861 178 1
1862 5 1
1862 6 1
1862 53 1
1863 1 1
1863 3 1
1863 100 1
1863 128 1
1863 141 1
1863 150 1
1864 46 1
1864 64 1
1864 151 1
1865 46 1
1865 64 1
1865 151 1
1866 5 1
1866 141 1
1867 3 1
1867 5 2
1867 66 1
1867 161 1
1868 3 1
1868 5 1
1869 5 1
1869 9 1
1869 80 1
1870 2 1
1870 5 1
1870 64 1
1870 65 1
1870 112 1
1871 5 1
1871 141 1
1872 53 1
1872 127 1
1873 1 1
1873 7 1
1873 19 2
1873 22 1
1873 32 2
1873 36 1
1873 52 1
1873 53 1
1873 55 6
1873 65 1
1873 92 1
1873 111 1
1873 125 1
1873 134 1
1873 140 1
1873 154 1
1873 163 2
1873 168 1
1873 182 4
1874 2 1
1874 3 1
1874 5 3
1874 6 2
1874 19 1
1874 21 1
1874 50 1
1874 60 1
1874 64 2
1874 83 8
1874 114 1
1874 129 1
1874 138 1
1874 141 1
1874 150 3
1874 169 5
1874 171 1
1875 5 1
1875 22 1
1875 66 2
1876 5 1
1876 15 1
1876 32 1
1876 46 1
1876 64 1
1876 126 1
1876 148 1
1876 152 1
1877 1 1
1877 3 1
1877 5 1
1877 36 1
1877 148 1
1877 158 3
1878 5 1
1878 27 1
1878 123 1
1879 79 1
1880 5 1
1880 36 1
1880 148 1
1880 158 1
1881 3 1
1881 5 1
1881 191 1
1882 5 1
1882 90 1
1882 135 1
1883 1 2
1883 3 3
1883 12 1
1883 73 1
1883 84 1
1883 107 1
1883 132 2
1884 125 1
1884 171 2
1885 5 1
1885 64 1
1885 68 1
1885 162 1
1886 38 1
1886 129 1
1886 166 1
1886 171 1
1888 3 6
1888 5 8
1888 7 1
1888 9 1
1888 14 2
1888 21 1
1888 59 4
1888 64 3
1888 66 1
1888 69 1
1888 75 1
1888 83 4
1888 91 1
1888 97 1
1888 117 1
1888 135 1
1888 141 4
1888 156 1
1888 169 2
1888 170 1
1888 177 1
1888 187 1
1889 1 1
1889 3 1
1889 5 1
1889 81 1
1889 99 1
1890 5 1
1890 7 2
1890 19 1
1890 31 1
1890 37 1
1890 41 1
1890 59 1
1890 63 3
1890 81 1
1890 84 1
1890 104 1
1890 135 1
1890 145 2
1891 5 1
1891 7 1
1891 151 1
1892 3 1
1892 5 1
1893 3 1
1893 5 1
1894 3 2
1894 5 1
1894 6 1
1894 7 2
1894 9 2
1894 19 1
1894 27 1
1894 42 1
1894 46 1
1894 50 1
1894 53 1
1894 59 1
1894 106 1
1895 5 1
1895 7 1
1895 59 1
1895 66 1
1895 139 1
1896 3 1
1896 5 1
1896 148 1
1897 5 1
1897 9 1
1897 64 1
1898 38 1
1899 5 1
1899 66 1
1899 124 1
1900 5 1
1900 177 1
1901 5 1
1901 9 1
1901 21 1
1901 81 1
1901 83 1
1901 99 1
1901 177 1
1902 37 1
1902 48 1
1902 139 1
1903 3 1
1903 5 1
1903 12 1
1903 18 1
1903 19 1
1903 46 1
1903 53 1
1903 66 1
1903 74 1
1903 76 1
1903 94 1
1903 106 1
1903 115 2
1903 130 1
1903 144 1
1903 149 1
1903 163 1
1903 165 1
1904 3 1
1904 5 1
1904 191 1
1905 27 1
1905 161 1
1906 5 1
1906 40 1
1906 66 1
1907 7 1
1907 37 1
1907 59 1
1907 62 1
1908 3 1
1908 5 2
1908 6 1
1908 7 2
1908 8 1
1908 10 1
1908 12 1
1908 15 1
1908 24 1
1908 27 1
1908 51 1
1908 66 1
1908 87 1
1908 122 5
1908 141 1
1908 146 1
1908 156 1
1908 167 1
1909 3 2
1909 7 3
1909 11 1
1909 19 1
1909 50 1
1909 53 1
1909 83 1
1909 94 1
1909 117 1
1909 122 2
1909 130 1
1909 156 1
1910 5 1
1910 9 1
1910 86 1
1910 160 1
1911 30 1
1911 37 1
1911 47 1
1911 110 1
1911 187 1
1912 7 1
1912 10 1
1912 31 1
1912 46 1
1912 59 1
1912 131 1
1913 5 1
1913 7 1
1914 5 1
1914 27 1
1914 102 1
1915 1 1
1915 3 1
1915 27 1
1916 5 1
1916 64 1
1916 151 1
1917 9 1
1917 69 1
1917 114 1
1917 124 1
1917 125 1
1918 3 1
1918 5 2
1918 20 1
1918 24 1
1918 27 1
1919 140 1
1919 147 1
1921 3 1
1921 5 1
1921 137 1
1921 191 1
1922 5 1
1922 64 1
1922 100 1
1923 5 1
1923 16 1
1923 27 1
1923 72 1
1923 103 4
1923 107 1
1923 115 1
1923 121 4
1923 148 1
1924 3 1
1924 5 1
1924 27 1
1924 44 1
1924 52 1
1924 107 1
1924 112 2
1925 5 1
1925 98 1
1925 166 1
1926 1 1
1926 3 6
1926 5 2
1926 11 1
1926 18 1
1926 44 1
1926 50 1
1926 53 1
1926 75 2
1926 76 2
1926 77 2
1926 97 1
1926 120 2
1926 122 1
1926 182 1
1926 190 1
1927 5 1
1927 94 1
1928 3 1
1928 5 1
1928 13 1
1928 135 1
1929 9 1
1929 67 1
1929 124 1
1930 5 1
1930 141 1
1931 5 1
1931 64 1
1931 100 1
1932 7 1
1932 23 1
1932 43 1
1932 59 1
1932 162 1
1933 5 1
1933 66 1
1933 131 1
1934 3 1
1934 5 1
1934 137 1
1934 191 1
1935 5 1
1935 64 1
1935 100 1
1935 150 1
1936 5 1
1936 44 1
1936 64 1
1937 3 1
1937 5 1
1937 10 1
1937 17 1
1937 64 1
1937 150 1
1938 3 1
1938 5 1
1938 64 1
1939 7 1
1939 37 1
1939 59 1
1939 112 1
1940 3 1
1940 5 1
1940 137 1
1940 191 1
1941 3 1
1941 5 1
1941 6 1
1941 36 1
1941 41 1
1941 42 1
1941 50 1
1941 74 3
1941 96 1
1941 141 2
1941 149 1
1941 161 1
1942 5 1
1942 64 1
1943 5 1
1943 17 1
1943 21 1
1943 89 1
1944 5 1
1944 27 1
1944 137 1
1945 3 1
1945 5 2
1945 7 2
1945 19 1
1945 40 1
1945 76 1
1945 77 1
1945 79 1
1945 134 1
1946 3 1
1946 5 1
1946 191 1
1947 5 1
1947 48 1
1947 66 1
1948 3 1
1948 5 3
1948 13 1
1948 27 3
1948 30 1
1948 96 1
1948 120 1
1948 164 2
1948 178 2
1949 3 1
1949 5 3
1949 10 1
1949 12 1
1949 19 1
1949 21 1
1949 26 1
1949 27 2
1949 35 1
1949 40 1
1949 41 1
1949 50 1
1949 52 1
1949 54 1
1949 84 1
1949 89 1
1949 90 1
1949 93 1
1949 94 1
1949 105 1
1949 106 1
1949 108 1
1949 117 1
1949 118 1
1949 125 1
1949 126 1
1949 134 1
1949 153 1
1949 156 1
1949 163 1
1950 5 1
1950 6 1
1950 141 1
1951 5 1
1952 27 1
1953 5 2
1953 9 1
1954 1 1
1954 27 1
1954 153 1
1955 5 1
1955 64 1
1956 5 1
1956 64 2
1957 3 1
1957 7 1
1957 59 1
1958 5 1
1958 27 1
1959 41 1
1959 49 1
1959 68 1
1959 97 1
1959 118 1
1959 122 1
1959 161 1
1960 3 1
1960 5 3
1960 26 3
1960 46 1
1960 64 3
1960 167 2
1961 3 2
1961 5 1
1961 53 2
1961 54 2
1961 56 1
1961 117 1
1961 142 1
1961 144 1
1961 149 1
1962 3 1
1962 5 1
1962 137 1
1962 191 1
1963 5 1
1963 26 1
1963 27 1
1964 3 1
1964 5 1
1964 162 1
1965 3 1
1965 5 2
1965 37 1
1965 75 1
1965 178 1
1966 53 1
1966 150 1
1966 162 1
1967 3 1
1967 59 1
1967 64 1
1967 125 1
1967 132 1
1968 7 1
1968 14 1
1968 64 1
1969 3 1
1969 5 1
1969 7 1
1969 59 1
1969 135 1
1970 5 1
1970 9 1
1971 3 1
1971 5 1
1972 5 1
1972 9 1
1972 139 1
1973 3 1
1973 5 1
1973 137 1
1973 191 1
1974 3 1
1974 21 1
1974 59 1
1974 161 1
1975 5 1
1975 18 1
1975 64 1
1976 5 2
1976 18 1
1976 32 2
1976 40 1
1976 43 1
1976 47 1
1976 48 1
1976 49 1
1976 59 1
1976 64 2
1976 65 1
1976 68 1
1976 85 1
1976 100 1
1976 106 1
1976 107 1
1976 122 1
1976 125 1
1976 126 1
1976 145 1
1976 166 1
1977 137 1
1978 3 1
1978 5 1
1978 137 1
1978 191 1
1979 3 2
1979 5 5
1979 7 1
1979 10 2
1979 14 1
1979 19 1
1979 20 2
1979 26 2
1979 27 13
1979 32 2
1979 35 1
1979 43 1
1979 46 1
1979 50 1
1979 52 1
1979 53 3
1979 73 1
1979 77 1
1979 84 1
1979 88 2
1979 94 1
1979 95 1
1979 98 1
1979 99 3
1979 102 1
1979 104 1
1979 106 1
1979 111 1
1979 113 1
1979 114 2
1979 118 1
1979 126 2
1979 147 1
1979 160 1
1979 165 1
1980 3 2
1980 11 1
1980 27 2
1980 43 2
1980 53 1
1980 60 1
1980 68 3
1980 74 1
1980 81 1
1980 105 2
1980 158 2
1981 3 1
1981 5 1
1981 9 1
1981 41 1
1981 44 1
1981 64 1
1981 75 1
1981 114 1
1981 170 1
1982 89 1
1983 3 1
1983 5 1
1983 143 1
1983 188 1
1983 191 1
1984 2 1
1984 5 1
1984 66 1
1984 194 1
1985 10 2
1985 12 1
1985 17 1
1985 19 1
1985 29 1
1985 32 1
1985 46 1
1985 50 3
1985 54 1
1985 56 1
1985 60 1
1985 72 1
1985 75 1
1985 89 1
1985 90 1
1985 108 1
1985 144 2
1986 5 1
1986 98 1
1986 101 1
1986 107 1
1986 137 1
1986 152 1
1986 154 1
1987 1 1
1987 2 1
1987 3 10
1987 6 7
1987 7 4
1987 9 1
1987 10 1
1987 12 3
1987 14 1
1987 16 2
1987 18 2
1987 20 3
1987 22 2
1987 23 1
1987 26 1
1987 30 2
1987 31 1
1987 38 1
1987 39 3
1987 40 1
1987 41 4
1987 44 1
1987 46 2
1987 50 5
1987 52 1
1987 53 2
1987 54 2
1987 55 2
1987 56 1
1987 57 1
1987 59 5
1987 60 1
1987 64 7
1987 67 1
1987 69 1
1987 75 1
1987 77 4
1987 79 1
1987 82 3
1987 87 3
1987 89 3
1987 90 4
1987 91 4
1987 94 1
1987 96 1
1987 103 1
1987 116 1
1987 117 1
1987 118 1
1987 121 1
1987 126 1
1987 127 3
1987 129 1
1987 130 1
1987 134 2
1987 138 1
1987 140 2
1987 142 4
1987 144 1
1987 150 1
1987 151 1
1987 156 2
1987 160 1
1987 161 1
1987 162 1
1987 163 1
1987 165 1
1987 179 1
1988 2 1
1988 5 1
1988 64 1
1988 112 1
1989 3 1
1989 5 1
1989 137 1
1989 191 1
1990 5 1
1990 137 1
1990 176 1
1991 3 1
1991 5 1
1991 12 1
1991 19 1
1991 77 1
1991 130 1
1992 1 1
1992 5 1
1992 7 1
1992 9 1
1992 19 1
1992 27 1
1992 49 1
1992 52 1
1992 64 1
1992 99 1
1993 3 1
1993 5 1
1993 137 1
1993 161 1
1993 176 1
1994 9 1
1994 10 1
1994 59 1
1994 135 1
1995 5 1
1995 7 1
1995 37 1
1995 75 1
1996 5 1
1996 66 1
1997 3 1
1997 5 1
1997 137 1
1997 191 1
1998 27 2
1998 59 1
1999 5 1
1999 27 1
1999 37 1
2000 5 1
2001 7 1
2001 20 1
2001 59 1
2001 126 1
2002 9 1
2002 73 1
2002 104 1
2002 165 1
2002 170 1
2003 7 1
2003 54 1
2003 95 1
2004 3 1
2004 9 1
2005 5 1
2005 32 1
2006 3 1
2006 5 1
2006 137 1
2006 191 1
2007 32 1
2007 46 1
2008 1 1
2008 3 1
2008 7 1
2008 10 1
2008 59 1
2009 5 1
2009 12 1
2009 53 1
2009 66 1
2009 100 1
2010 5 1
2010 66 1
2010 100 1
2010 135 1
2011 3 1
2011 5 1
2011 23 1
2012 3 1
2012 5 1
2012 137 1
2012 191 1
2013 3 1
2013 5 1
2013 11 1
2013 32 1
2013 105 1
2014 79 1
2015 36 1
2015 132 1
2016 7 1
2016 10 1
2016 31 1
2016 46 1
2016 59 1
2016 131 1
2017 3 1
2017 5 1
2017 188 1
2017 191 1
2018 5 1
2018 159 1
2019 31 1
2019 37 1
2020 120 1
2020 123 1
2021 3 1
2021 5 1
2021 188 1
2021 191 1
2022 5 1
2022 64 1
2022 66 1
2022 98 1
2023 106 1
2023 123 1
2023 158 1
2024 5 1
2024 66 1
2025 5 1
2025 64 1
2025 71 1
2026 29 1
2026 64 1
2027 5 2
2027 32 1
2027 66 1
2028 3 1
2028 5 1
2028 15 1
2028 161 1
2029 5 1
2029 66 1
2029 100 1
2029 135 1
2030 5 1
2030 18 1
2030 67 1
2030 141 1
2031 5 1
2031 7 1
2031 30 1
2031 37 1
2032 5 1
2032 50 1
2032 66 1
2033 3 1
2033 5 1
2033 188 1
2033 191 1
2034 64 1
2034 100 1
2034 135 1
2034 170 1
2035 18 1
2035 64 1
2035 100 1
2035 124 1
2036 5 1
2036 64 1
2036 93 1
2036 144 1
2037 5 1
2037 64 1
2037 150 1
2038 5 1
2038 30 1
2038 100 1
2038 128 1
2038 141 1
2038 150 1
2039 5 1
2039 26 1
2039 66 1
2039 108 1
2039 115 1
2040 5 1
2040 18 1
2040 64 1
2040 83 1
2041 3 2
2041 5 2
2041 10 1
2041 31 2
2041 110 1
2042 5 1
2042 66 1
2042 92 1
2042 115 1
2042 153 1
2042 166 1
2043 3 1
2043 5 2
2043 26 1
2043 33 1
2043 68 1
2044 3 1
2044 5 1
2044 188 1
2044 191 1
2045 3 2
2045 6 1
2045 18 1
2045 43 1
2045 59 1
2046 5 2
2046 27 1
2046 40 1
2046 43 1
2047 3 1
2047 18 1
2047 32 1
2047 59 1
2048 5 1
2048 7 1
2049 5 1
2049 12 1
2049 23 1
2049 37 1
2049 48 1
2049 123 1
2050 5 1
2050 18 1
2050 64 1
2051 3 1
2051 5 1
2051 188 1
2051 191 1
2052 9 1
2052 48 1
2052 106 1
2052 188 1
2053 3 1
2053 5 1
2054 5 1
2054 64 1
2055 3 1
2055 5 1
2055 6 1
2055 24 1
2055 44 1
2055 52 1
2055 53 1
2055 84 2
2055 126 1
2055 127 1
2055 145 1
2055 147 1
2055 167 1
2056 5 1
2056 64 1
2056 135 1
2056 151 1
2057 1 1
2057 3 1
2057 5 2
2057 27 2
2058 5 1
2058 27 1
2058 37 1
2059 36 1
2060 34 1
2060 58 1
2060 158 1
2060 177 1
2060 183 1
2061 179 1
2062 86 1
2062 179 1
2063 5 1
2063 37 1
2063 38 1
2063 131 1
2063 138 1
2063 177 1
2063 179 1
2064 5 1
2064 38 1
2064 131 1
2064 158 1
2064 179 1
2065 22 2
2065 98 1
2065 177 1
2065 179 1
2065 183 1
2066 36 3
2066 58 1
2066 149 2
2066 158 1
2066 179 1
2066 183 1
2067 5 1
2067 22 1
2067 36 1
2067 38 1
2067 124 1
2067 131 1
2067 149 1
2067 158 1
2068 5 1
2068 9 1
2068 58 1
2068 131 1
2068 158 1
2068 177 1
2068 179 1
2068 183 1
2069 5 1
2069 124 1
2069 131 1
2069 158 1
2069 177 1
2069 179 1
2069 183 1
2070 5 1
2070 27 1
2070 37 1
2071 5 2
2071 27 1
2071 157 1
2072 1 1
2072 3 1
2072 22 1
2072 67 1
2072 162 1
2073 5 1
2073 27 1
2073 178 1
2074 5 1
2074 27 1
2074 37 1
2075 1 1
2075 3 1
2075 5 2
2075 27 2
2076 5 1
2077 3 1
2077 5 1
2077 188 1
2077 191 1
2078 94 1
2079 5 1
2079 27 1
2079 178 1
2080 5 1
2080 27 1
2081 83 1
2081 139 1
2081 190 1
2082 83 1
2082 139 1
2082 190 1
2083 83 1
2083 103 1
2085 65 1
2085 147 1
2085 158 1
2086 7 1
2086 59 1
2087 5 1
2087 27 1
2087 178 1
2088 5 1
2088 64 1
2088 94 1
2088 150 1
2089 3 1
2089 5 1
2089 188 1
2089 191 1
2090 5 1
2090 27 1
2090 37 1
2090 42 1
2090 61 1
2090 178 1
2091 5 1
2091 27 1
2091 147 1
2092 3 2
2092 5 2
2092 30 2
2093 1 1
2093 7 1
2093 10 1
2094 9 1
2094 40 1
2094 53 1
2095 5 1
2095 27 1
2095 63 1
2096 5 1
2096 27 1
2096 36 1
2096 99 1
2097 2 1
2097 194 1
2098 5 1
2098 6 1
2098 141 1
2099 5 1
2099 64 1
2099 83 1
2099 135 1
2100 5 1
2100 149 1
2101 132 1
2102 5 1
2102 66 1
2103 3 1
2103 26 1
2103 27 1
2103 37 1
2103 59 1
2103 62 2
2103 95 1
2103 128 1
2103 159 1
2104 5 1
2104 66 1
2105 5 1
2105 37 1
2106 6 1
2106 42 1
2107 79 1
2107 190 1
2108 5 1
2108 7 1
2108 123 1
2109 7 1
2109 59 1
2110 5 1
2110 7 1
2110 68 1
2110 147 1
2111 3 2
2111 5 2
2111 10 1
2111 31 2
2111 110 1
2112 1 1
2112 7 1
2113 124 1
2113 140 1
2113 186 1
2114 88 1
2114 186 1
2115 3 1
2115 6 1
2116 17 1
2117 3 1
2117 5 1
2117 41 1
2118 3 1
2118 5 1
2118 7 1
2118 122 1
2119 3 1
2119 5 1
2120 3 1
2120 5 1
2120 7 1
2120 10 1
2120 18 1
2120 86 1
2121 5 1
2121 37 1
2121 94 1
2122 5 2
2122 30 1
2122 64 2
2122 67 1
2123 5 1
2123 64 1
2123 124 1
2124 5 2
2124 9 1
2124 64 1
2124 135 1
2125 5 1
2125 67 1
2125 139 1
2125 141 1
2126 64 1
2126 91 1
2126 170 1
2127 3 1
2127 5 1
2128 5 1
2128 23 1
2128 27 1
2129 3 1
2129 5 1
2129 9 1
2129 21 1
2130 5 1
2130 27 1
2130 131 1
2131 18 1
2132 32 1
2132 125 1
2132 132 1
2133 5 1
2133 66 1
2134 5 1
2134 43 1
2134 54 1
2134 64 1
2135 5 1
2135 66 1
2135 135 1
2136 7 1
2136 50 1
2136 59 1
2136 87 1
2136 125 3
2137 5 1
2137 27 1
2137 120 1
2137 159 1
2138 5 2
2138 7 1
2138 26 1
